0.000000   -0.002747  -1.098633   2.998866
0.002500   -0.002747  0.000000   2.990615
0.005000   -0.002747  0.000000   2.990627
0.007500   0.004395  2.856445   2.969454
0.010000   0.029114  9.887695   2.917817
0.012500   0.062073  13.183594   2.894471
0.015000   0.100525  15.380859   2.879627
0.017500   0.151062  20.214844   2.846130
0.020000   0.212585  24.609375   2.816594
0.022500   0.287292  29.882813   2.781985
0.025000   0.372986  34.277344   2.754700
0.027500   0.469116  38.452148   2.729944
0.030000   0.575134  42.407227   2.707627
0.032500   0.692688  47.021484   2.682514
0.035000   0.825073  52.954102   2.651275
0.037500   0.959656  53.833008   2.650044
0.040000   1.099731  56.030273   2.641646
0.042500   1.249695  59.985352   2.624279
0.045000   1.410645  64.379883   2.605770
0.047500   1.577637  66.796875   2.598227
0.050000   1.751770  69.653320   2.589170
0.052500   1.934692  73.168945   2.577745
0.055000   2.118713  73.608398   2.580836
0.057500   2.308228  75.805664   2.576310
0.060000   2.512024  81.518555   2.557612
0.062500   2.716370  81.738281   2.562442
0.065000   2.927856  84.594727   2.556938
0.067500   3.150330  88.989258   2.546376
0.070000   3.368408  87.231445   2.559076
0.072500   3.598572  92.065430   2.547781
0.075000   3.833679  94.042969   2.547516
0.077500   4.064392  92.285156   2.560211
0.080000   4.307190  97.119141   2.550628
0.082500   4.549988  97.119141   2.557613
0.085000   4.803772  101.513672   2.550832
0.087500   5.054260  100.195313   2.562078
0.090000   5.316284  104.809570   2.555552
0.092500   5.582153  106.347656   2.558667
0.095000   5.854614  108.984375   2.558984
0.097500   6.132019  110.961914   2.561593
0.100000   6.409973  111.181641   2.568990
0.102500   6.691223  112.500000   2.573581
0.105000   6.979065  115.136719   2.575186
0.107500   7.266357  114.916992   2.584043
0.110000   7.554749  115.356445   2.591289
0.112500   7.844788  116.015625   2.598076
0.115000   8.143066  119.311523   2.598835
0.117500   8.439697  118.652344   2.608886
0.120000   8.744019  121.728516   2.610626
0.122500   9.050537  122.607422   2.617544
0.125000   9.364197  125.463867   2.620435
0.127500   9.673462  123.706055   2.633053
0.130000   9.994812  128.540039   2.632339
0.132500   10.315063  128.100586   2.642460
0.135000   10.641357  130.517578   2.647121
0.137500   10.973145  132.714844   2.652541
0.140000   11.305481  132.934570   2.661648
0.142500   11.649902  137.768555   2.662953
0.145000   11.993774  137.548828   2.673241
0.147500   12.343689  139.965820   2.679234
0.150000   12.699646  142.382813   2.685500
0.152500   13.051208  140.625000   2.698402
0.155000   13.411011  143.920898   2.703494
0.157500   13.770813  143.920898   2.713631
0.160000   14.134460  145.458984   2.721621
0.162500   14.505249  148.315430   2.727949
0.165000   14.878235  149.194336   2.737127
0.167500   15.255066  150.732422   2.745532
0.170000   15.638489  153.369141   2.752747
0.172500   16.026306  155.126953   2.761209
0.175000   16.416870  156.225586   2.770645
0.177500   16.812378  158.203125   2.779113
0.180000   17.215027  161.059570   2.786816
0.182500   17.618774  161.499023   2.797364
0.185000   18.026367  163.037109   2.806742
0.187500   18.439453  165.234375   2.815591
0.190000   18.855286  166.333008   2.825728
0.192500   19.270020  165.893555   2.837289
0.195000   19.690247  168.090820   2.846281
0.197500   20.115417  170.068359   2.855713
0.200000   20.543335  171.166992   2.865954
0.202500   20.969604  170.507813   2.877748
0.205000   21.403015  173.364258   2.886515
0.207500   21.841919  175.561523   2.895945
0.210000   22.283020  176.440430   2.906560
0.212500   22.725220  176.879883   2.917604
0.215000   23.169617  177.758789   2.928211
0.217500   23.618408  179.516602   2.938211
0.220000   24.077087  183.471680   2.946811
0.222500   24.533020  182.373047   2.958998
0.225000   24.992798  183.911133   2.969296
0.227500   25.455322  185.009766   2.979955
0.230000   25.924438  187.646484   2.989537
0.232500   26.400146  190.283203   2.999312
0.235000   26.879700  191.821289   3.009793
0.237500   27.364746  194.018555   3.019861
0.240000   27.850891  194.458008   3.031040
0.242500   28.343079  196.875000   3.041048
0.245000   28.836365  197.314453   3.052101
0.247500   29.334045  199.072266   3.062463
0.250000   29.838867  201.928711   3.072220
0.252500   30.345886  202.807617   3.082969
0.255000   30.859497  205.444336   3.092927
0.257500   31.374207  205.883789   3.103808
0.260000   31.898254  209.619141   3.113266
0.262500   32.428345  212.036133   3.123353
0.265000   32.963928  214.233398   3.133500
0.267500   33.498962  214.013672   3.144547
0.270000   34.044434  218.188477   3.153883
0.272500   34.586060  216.650391   3.165215
0.275000   35.140320  221.704102   3.174134
0.277500   35.695679  222.143555   3.184599
0.280000   36.255432  223.901367   3.194496
0.282500   36.821228  226.318359   3.204139
0.285000   37.390320  227.636719   3.213989
0.287500   37.968750  231.372070   3.223085
0.290000   38.549927  232.470703   3.232891
0.292500   39.139343  235.766602   3.241977
0.295000   39.729858  236.206055   3.251732
0.297500   40.328064  239.282227   3.260705
0.300000   40.931763  241.479492   3.269717
0.302500   41.538208  242.578125   3.278863
0.305000   42.151245  245.214844   3.287484
0.307500   42.768127  246.752930   3.296197
0.310000   43.392700  249.829102   3.304445
0.312500   44.023865  252.465820   3.312637
0.315000   44.664917  256.420898   3.320481
0.317500   45.303772  255.541992   3.328931
0.320000   45.949768  258.398438   3.336510
0.322500   46.604553  261.914063   3.343837
0.325000   47.260437  262.353516   3.351387
0.327500   47.927856  266.967773   3.358141
0.330000   48.594727  266.748047   3.365311
0.332500   49.275330  272.241211   3.371504
0.335000   49.962524  274.877930   3.377871
0.337500   50.649719  274.877930   3.384238
0.340000   51.346802  278.833008   3.389887
0.342500   52.052673  282.348633   3.395333
0.345000   52.759644  282.788086   3.400774
0.347500   53.474304  285.864258   3.405653
0.350000   54.195557  288.500977   3.410253
0.352500   54.925598  292.016602   3.414457
0.355000   55.664429  295.532227   3.418364
0.357500   56.402161  295.092773   3.422206
0.360000   57.153625  300.585938   3.425253
0.362500   57.910034  302.563477   3.428194
0.365000   58.675232  306.079102   3.430654
0.367500   59.447021  308.715820   3.432780
0.370000   60.222656  310.253906   3.434553
0.372500   61.002686  312.011719   3.435891
0.375000   61.799194  318.603516   3.436547
0.377500   62.597900  319.482422   3.437066
0.380000   63.403198  322.119141   3.437040
0.382500   64.215637  324.975586   3.436540
0.385000   65.037964  328.930664   3.435514
0.387500   65.866882  331.567383   3.434055
0.390000   66.705688  335.522461   3.432043
0.392500   67.543945  335.302734   3.429688
0.395000   68.399231  342.114258   3.426535
0.397500   69.253418  341.674805   3.423114
0.400000   70.121338  347.167969   3.418927
0.402500   70.988708  346.948242   3.414376
0.405000   71.873108  353.759766   3.409023
0.407500   72.761353  355.297852   3.403247
0.410000   73.656189  357.934570   3.396865
0.412500   74.563110  362.768555   3.389799
0.415000   75.467834  361.889648   3.382306
0.417500   76.386292  367.382813   3.374007
0.420000   77.309143  369.140625   3.365148
0.422500   78.242432  373.315430   3.355598
0.425000   79.185608  377.270508   3.345376
0.427500   80.129333  377.490234   3.334620
0.430000   81.088440  383.642578   3.323053
0.432500   82.055237  386.718750   3.310834
0.435000   83.024780  387.817383   3.297955
0.437500   84.000916  390.454102   3.284384
0.440000   84.988586  395.068359   3.269829
0.442500   85.986145  399.023438   3.253139
0.445000   86.984253  399.243164   3.225149
0.447500   87.986755  401.000977   3.118082
0.450000   89.001892  406.054688   2.488505
0.452500   90.028015  410.449219   0.104185
0.455000   91.053589  410.229492   -2.179852
0.457500   92.082458  411.547852   -2.757602
0.460000   93.101990  407.812500   -2.856763
0.462500   94.070984  387.597656   -2.886398
0.465000   94.981201  364.086914   -2.906755
0.467500   95.820007  335.522461   -2.924932
0.470000   96.590149  308.056641   -2.941764
0.472500   97.294373  281.689453   -2.957095
0.475000   97.930481  254.443359   -2.970000
0.477500   98.504517  229.614258   -2.980313
0.480000   99.015381  204.345703   -2.986071
0.482500   99.470215  181.933594   -2.987267
0.485000   99.858582  155.346680   -2.975385
0.487500   100.192566  133.593750   -2.955764
0.490000   100.475464  113.159180   -2.923962
0.492500   100.701233  90.307617   -2.865412
0.495000   100.875366  69.653320   -2.789682
0.497500   101.003906  51.416016   -2.703173
0.500000   101.084656  32.299805   -2.591733
0.502500   101.128601  17.578125   -2.496619
0.505000   101.131897  1.318359   -2.383775
0.507500   101.108826  -9.228516   -2.311844
0.510000   101.058838  -19.995117   -2.239154
0.512500   100.987427  -28.564453   -2.184127
0.515000   100.897339  -36.035156   -2.138484
0.517500   100.789673  -43.066406   -2.097641
0.520000   100.671021  -47.460938   -2.074616
0.522500   100.540833  -52.075195   -2.050772
0.525000   100.398010  -57.128906   -2.025136
0.527500   100.239807  -63.281250   -1.994555
0.530000   100.082153  -63.061523   -1.997446
0.532500   99.914612  -67.016602   -1.978710
0.535000   99.736633  -71.191406   -1.959267
0.537500   99.553711  -73.168945   -1.950436
0.540000   99.362549  -76.464844   -1.935546
0.542500   99.160950  -80.639648   -1.917153
0.545000   98.955505  -82.177734   -1.909984
0.547500   98.746765  -83.496094   -1.903554
0.550000   98.526489  -88.110352   -1.883977
0.552500   98.307312  -87.670898   -1.883652
0.555000   98.077148  -92.065430   -1.865061
0.557500   97.843140  -93.603516   -1.856769
0.560000   97.604187  -95.581055   -1.846694
0.562500   97.355347  -99.536133   -1.830004
0.565000   97.109802  -98.217773   -1.830262
0.567500   96.849426  -104.150391   -1.807445
0.570000   96.593445  -102.392578   -1.808161
0.572500   96.324829  -107.446289   -1.788392
0.575000   96.054016  -108.325195   -1.780717
0.577500   95.771667  -112.939453   -1.762771
0.580000   95.487671  -113.598633   -1.755214
0.582500   95.191589  -118.432617   -1.737086
0.585000   94.898254  -117.333984   -1.733191
0.587500   94.587891  -124.145508   -1.710717
0.590000   94.279175  -123.486328   -1.704750
0.592500   93.958923  -128.100586   -1.686995
0.595000   93.633728  -130.078125   -1.673842
0.597500   93.295898  -135.131836   -1.652969
0.600000   92.953125  -137.109375   -1.633824
0.602500   92.609253  -137.548828   -1.609347
0.605000   92.254944  -141.723633   -1.561555
0.607500   91.900085  -141.943359   -1.487104
0.610000   91.541931  -143.261719   -1.345424
0.612500   91.173889  -147.216797   -1.070357
0.615000   90.809692  -145.678711   -0.595913
0.617500   90.441650  -147.216797   0.177996
0.620000   90.067566  -149.633789   1.232578
0.622500   89.707214  -144.140625   2.289492
0.625000   89.355103  -140.844727   3.143184
0.627500   89.023315  -132.714844   3.687434
0.630000   88.728333  -117.993164   3.971922
0.632500   88.478943  -99.755859   4.000000
0.635000   88.289978  -75.585938   4.000000
0.637500   88.161987  -51.196289   4.000000
0.640000   88.096619  -26.147461   3.872174
0.642500   88.083435  -5.273438   3.726776
0.645000   88.133423  19.995117   3.528803
0.647500   88.233398  39.990234   3.363717
0.649999   88.376770  57.348633   3.207158
0.652499   88.573425  78.662109   3.001585
0.654999   88.802490  91.625977   2.777082
0.657499   89.068909  106.567383   2.423882
0.659999   89.366089  118.872070   1.880650
0.662499   89.689087  129.199219   1.079425
0.664999   90.032959  137.548828   0.060577
0.667499   90.401550  147.436523   -1.001082
0.669999   90.765747  145.678711   -1.789304
0.672499   91.127197  144.580078   -2.285617
0.674999   91.472717  138.208008   -2.546486
0.677499   91.778137  122.167969   -2.648905
0.679999   92.048401  108.105469   -2.682064
0.682499   92.265930  87.011719   -2.646115
0.684999   92.429626  65.478516   -2.567182
0.687499   92.546082  46.582031   -2.469426
0.689999   92.602112  22.412109   -2.309642
0.692499   92.608154  2.416992   -2.159393
0.694999   92.565308  -17.138672   -2.007176
0.697499   92.477417  -35.156250   -1.870085
0.699999   92.348877  -51.416016   -1.751575
0.702499   92.192871  -62.402344   -1.666562
0.704999   92.007202  -74.267578   -1.571288
0.707499   91.786377  -88.330078   -1.450526
0.709999   91.548523  -95.141602   -1.325478
0.712499   91.280457  -107.226563   -1.111829
0.714999   91.000305  -112.060547   -0.808789
0.717499   90.695984  -121.728516   -0.300407
0.719999   90.385620  -124.145508   0.412751
0.722499   90.055481  -132.055664   1.370275
0.724999   89.729736  -130.297852   2.329813
0.727499   89.400696  -131.616211   3.155217
0.729999   89.084290  -126.562500   3.711711
0.732499   88.789307  -117.993164   4.000000
0.734999   88.528931  -104.150391   4.000000
0.737499   88.316895  -84.814453   4.000000
0.739999   88.161438  -62.182617   4.000000
0.742499   88.059265  -40.869141   4.000000
0.744999   88.013123  -18.457031   3.939539
0.747499   88.015320  0.878906   3.794992
0.749999   88.074097  23.510742   3.613445
0.752499   88.172424  39.331055   3.477518
0.754999   88.311951  55.810547   3.328579
0.757499   88.488281  70.532227   3.169584
0.759999   88.708008  87.890625   2.949359
0.762499   88.952454  97.778320   2.674055
0.764999   89.232605  112.060547   2.221175
0.767499   89.531433  119.531250   1.572568
0.769999   89.858276  130.737305   0.654613
0.772499   90.197205  135.571289   -0.366560
0.774999   90.546570  139.746094   -1.289565
0.777499   90.893738  138.867188   -1.940299
0.779999   91.220032  130.517578   -2.310857
0.782499   91.530945  124.365234   -2.517279
0.784999   91.795715  105.908203   -2.584249
0.787499   92.025879  92.065430   -2.603388
0.789999   92.202759  70.751953   -2.550224
0.792499   92.331848  51.635742   -2.469736
0.794999   92.418091  34.497070   -2.374650
0.797499   92.456543  15.380859   -2.246354
0.799999   92.450500  -2.416992   -2.115361
0.802499   92.404907  -18.237305   -1.995631
0.804999   92.325806  -31.640625   -1.894213
0.807499   92.223633  -40.869141   -1.821602
0.809999   92.093994  -51.855469   -1.735003
0.812499   91.941284  -61.083984   -1.652793
0.814999   91.762207  -71.630859   -1.549624
0.817499   91.572144  -76.025391   -1.453243
0.819999   91.363953  -83.276367   -1.301953
0.822499   91.141479  -88.989258   -1.091972
0.824999   90.916260  -90.087891   -0.814716
0.827499   90.677856  -95.361328   -0.393032
0.829999   90.442749  -94.042969   0.126280
0.832499   90.205444  -94.921875   0.770593
0.834999   89.973633  -92.724609   1.451340
0.837499   89.760498  -85.253906   2.050992
0.839999   89.561096  -79.760742   2.563144
0.842499   89.399048  -64.819336   2.869867
0.844999   89.270508  -51.416016   3.052665
0.847499   89.187561  -33.178711   3.082624
0.849999   89.148010  -15.820313   3.023547
0.852499   89.159546  4.614258   2.852402
0.854999   89.217224  23.071289   2.620543
0.857499   89.318298  40.429688   2.316256
0.859999   89.456726  55.371094   1.933053
0.862499   89.634705  71.191406   1.412465
0.864999   89.844543  83.935547   0.767608
0.867499   90.072510  91.186523   0.057542
0.869999   90.327942  102.172852   -0.714841
0.872499   90.577881  99.975586   -1.324318
0.874999   90.827271  99.755859   -1.800089
0.877499   91.060730  93.383789   -2.102234
0.879999   91.272217  84.594727   -2.277096
0.882499   91.460083  75.146484   -2.368890
0.884999   91.610046  59.985352   -2.372139
0.887499   91.723206  45.263672   -2.333178
0.889999   91.797363  29.663086   -2.255970
0.892499   91.834717  14.941406   -2.161506
0.894999   91.834717  0.000000   -2.048844
0.897499   91.799011  -14.282227   -1.929709
0.899999   91.735840  -25.268555   -1.827206
0.902499   91.647400  -35.375977   -1.721419
0.904999   91.537537  -43.945313   -1.612729
0.907499   91.405701  -52.734375   -1.481199
0.909999   91.252441  -61.303711   -1.317346
0.912499   91.087097  -66.137695   -1.129203
0.914999   90.908020  -71.630859   -0.871730
0.917499   90.708069  -79.980469   -0.498292
0.919999   90.502075  -82.397461   -0.046853
0.922499   90.287842  -85.693359   0.521403
0.924999   90.062622  -90.087891   1.195200
0.927499   89.847839  -85.913086   1.824304
0.929999   89.633606  -85.693359   2.427019
0.932499   89.434753  -79.541016   2.888871
0.934999   89.257874  -70.751953   3.208531
0.937499   89.105164  -61.083984   3.413000
0.939999   88.981567  -49.438477   3.516250
0.942499   88.900818  -32.299805   3.501514
0.944999   88.860168  -16.259766   3.431441
0.947499   88.858521  -0.659180   3.317252
0.949999   88.894226  14.282227   3.168325
0.952499   88.964539  28.125000   2.988619
0.954999   89.072754  43.286133   2.746284
0.957499   89.208984  54.492188   2.466323
0.959999   89.370483  64.599609   2.105637
0.962499   89.559448  75.585938   1.619373
0.964999   89.775330  86.352539   0.991755
0.967499   90.006592  92.504883   0.282501
0.969999   90.253784  98.876953   -0.468790
0.972499   90.502625  99.536133   -1.122302
0.974999   90.744873  96.899414   -1.621726
0.977499   90.978882  93.603516   -1.976224
0.979999   91.184875  82.397461   -2.167068
0.982499   91.370544  74.267578   -2.285224
0.984999   91.520508  59.985352   -2.307754
0.987499   91.634766  45.703125   -2.282146
0.989999   91.711670  30.761719   -2.217375
0.992499   91.753967  16.918945   -2.135731
0.994999   91.760010  2.416992   -2.031069
0.997499   91.735291  -9.887695   -1.930962
0.999999   91.682556  -21.093750   -1.829481
1.002499   91.607300  -30.102539   -1.734467
1.004999   91.511169  -38.452148   -1.631069
1.007499   91.399109  -44.824219   -1.523664
1.009999   91.267822  -52.514648   -1.380504
1.012499   91.129395  -55.371094   -1.235525
1.015000   90.981628  -59.106445   -1.042118
1.017500   90.822327  -63.720703   -0.783581
1.020000   90.652588  -67.895508   -0.451707
1.022500   90.485596  -66.796875   -0.086753
1.025000   90.316406  -67.675781   0.353338
1.027500   90.145020  -68.554688   0.846853
1.030000   89.985718  -63.720703   1.300042
1.032500   89.839600  -58.447266   1.708786
1.035000   89.707764  -52.734375   2.054422
1.037500   89.591858  -46.362305   2.326678
1.040000   89.506165  -34.277344   2.461918
1.042500   89.450684  -22.192383   2.507537
1.045000   89.426514  -9.667969   2.470420
1.047500   89.435303  3.515625   2.352601
1.050000   89.473755  15.380859   2.177429
1.052500   89.537476  25.488281   1.953083
1.055000   89.627563  36.035156   1.652044
1.057500   89.740173  45.043945   1.287224
1.060001   89.865417  50.097656   0.894140
1.062501   90.001099  54.272461   0.463662
1.065001   90.147766  58.666992   0.000599
1.067501   90.298279  60.205078   -0.438796
1.070001   90.440002  56.689453   -0.793387
1.072501   90.569092  51.635742   -1.069687
1.075001   90.683899  45.922852   -1.275310
1.077501   90.781677  39.111328   -1.412729
1.080001   90.856384  29.882813   -1.474458
1.082501   90.898682  16.918945   -1.446956
1.085001   90.919006  8.129883   -1.411822
1.087501   90.912415  -2.636719   -1.321795
1.090001   90.883301  -11.645508   -1.211656
1.092501   90.829468  -21.533203   -1.055243
1.095001   90.759705  -27.905273   -0.891488
1.097501   90.677856  -32.739258   -0.704934
1.100001   90.590515  -34.936523   -0.509420
1.102502   90.496033  -37.792969   -0.275442
1.105002   90.397705  -39.331055   -0.021028
1.107502   90.299377  -39.331055   0.242149
1.110002   90.199951  -39.770508   0.526724
1.112502   90.104919  -38.012695   0.795187
1.115002   90.021423  -33.398438   1.015267
1.117502   89.948914  -29.003906   1.203803
1.120002   89.890137  -23.510742   1.341345
1.122502   89.847290  -17.138672   1.422437
1.125002   89.824219  -9.228516   1.431863
1.127502   89.822571  -0.659180   1.372597
1.130002   89.840149  7.031250   1.263488
1.132502   89.875305  14.062500   1.107509
1.135002   89.924744  19.775391   0.918350
1.137502   89.987915  25.268555   0.689168
1.140002   90.059326  28.564453   0.451074
1.142502   90.141724  32.958984   0.175251
1.145002   90.229065  34.936523   -0.092384
1.147503   90.314758  34.277344   -0.328120
1.150003   90.395508  32.299805   -0.530022
1.152503   90.469116  29.443359   -0.695752
1.155003   90.533936  25.927734   -0.824943
1.157503   90.583923  19.995117   -0.894828
1.160003   90.620178  14.501953   -0.932581
1.162503   90.640503  8.129883   -0.927673
1.165003   90.643250  1.098633   -0.880712
1.167503   90.629517  -5.493164   -0.802954
1.170003   90.601501  -11.206055   -0.701205
1.172503   90.558655  -17.138672   -0.563565
1.175003   90.506470  -20.874023   -0.416405
1.177503   90.448792  -23.071289   -0.261001
1.180003   90.383972  -25.927734   -0.075611
1.182503   90.316406  -27.026367   0.112757
1.185003   90.247192  -27.685547   0.310293
1.187503   90.177979  -27.685547   0.509764
1.190004   90.112061  -26.367188   0.695117
1.192504   90.054382  -23.071289   0.844490
1.195004   90.006592  -19.116211   0.960030
1.197504   89.968140  -15.380859   1.048729
1.200004   89.943420  -9.887695   1.082561
1.202504   89.931885  -4.614258   1.077867
1.205004   89.935181  1.318359   1.023505
1.207504   89.950562  6.152344   0.941092
1.210004   89.976379  10.327148   0.832265
1.212504   90.013184  14.721680   0.688888
1.215004   90.055481  16.918945   0.545473
1.217504   90.103821  19.335938   0.383146
1.220004   90.158752  21.972656   0.201439
1.222504   90.213684  21.972656   0.041460
1.225004   90.268066  21.752930   -0.111779
1.227504   90.313110  18.017578   -0.209825
1.230004   90.354309  16.479492   -0.310014
1.232504   90.391663  14.941406   -0.397103
1.235005   90.420776  11.645508   -0.447612
1.237505   90.440552  7.910156   -0.469692
1.240005   90.450989  4.174805   -0.467757
1.242505   90.450989  0.000000   -0.436455
1.245005   90.441650  -3.735352   -0.385216
1.247505   90.424622  -6.811523   -0.319375
1.250005   90.402100  -9.008789   -0.245450
1.252505   90.376831  -10.107422   -0.171538
1.255005   90.347168  -11.865234   -0.079813
1.257505   90.317505  -11.865234   0.000460
1.260005   90.286743  -12.304688   0.088504
1.262505   90.257629  -11.645508   0.165231
1.265005   90.230164  -10.986328   0.238433
1.267505   90.207642  -9.008789   0.288506
1.270005   90.187317  -8.129883   0.340915
1.272505   90.170288  -6.811523   0.380810
1.275005   90.160400  -3.955078   0.388461
1.277506   90.157654  -1.098633   0.375128
1.280006   90.159851  0.878906   0.353828
1.282506   90.166992  2.856445   0.318036
1.285006   90.176331  3.735352   0.284109
1.287506   90.187317  4.394531   0.247111
1.290006   90.198853  4.614258   0.211941
1.292506   90.210938  4.833984   0.175346
1.295006   90.222473  4.614258   0.143781
1.297506   90.232910  4.174805   0.117184
1.300006   90.241699  3.515625   0.097056
1.302506   90.248291  2.636719   0.084910
1.305006   90.252136  1.538086   0.082239
1.307506   90.253784  0.659180   0.084173
1.310006   90.252686  -0.439453   0.095522
1.312506   90.250488  -0.878906   0.105051
1.315006   90.247192  -1.318359   0.117703
1.317506   90.243896  -1.318359   0.127083
1.320006   90.241150  -1.098633   0.133258
1.322507   90.239502  -0.659180   0.134655
1.325007   90.238403  -0.439453   0.136138
1.327507   90.237305  -0.439453   0.139271
1.330007   90.237305  0.000000   0.135975
1.332507   90.237854  0.219727   0.132752
1.335007   90.238953  0.439453   0.127964
1.337507   90.239502  0.219727   0.128046
1.340007   90.240051  0.219727   0.126473
1.342507   90.240051  0.000000   0.128121
1.345007   90.240051  0.000000   0.128121
1.347507   90.238953  -0.439453   0.134547
1.350007   90.238953  0.000000   0.131251
1.352507   90.238953  0.000000   0.131251
1.355007   90.239502  0.219727   0.128038
1.357507   90.239502  0.000000   0.129686
1.360007   90.240601  0.439453   0.123261
1.362507   90.240051  -0.219727   0.129760
1.365008   90.240601  0.219727   0.124900
1.367508   90.240601  0.000000   0.126548
1.370008   90.240601  0.000000   0.126548
1.372508   90.240601  0.000000   0.126539
1.375008   90.241150  0.219727   0.123328
1.377508   90.241699  0.219727   0.121773
1.380008   90.241699  0.000000   0.123420
1.382508   90.241699  0.000000   0.123429
1.385008   90.241150  -0.219727   0.126641
1.387508   90.240601  -0.219727   0.128205
1.390008   90.240601  0.000000   0.126557
1.392508   90.240601  0.000000   0.126557
1.395008   90.241150  0.219727   0.123345
1.397508   90.241699  0.219727   0.121790
1.400008   90.241699  0.000000   0.123438
1.402508   90.241150  -0.219727   0.126658
1.405008   90.240601  -0.219727   0.128222
1.407508   90.239502  -0.439453   0.132999
1.410009   90.239502  0.000000   0.129703
1.412509   90.240051  0.219727   0.126482
1.415009   90.240051  0.000000   0.128130
1.417509   90.241150  0.439453   0.121705
1.420009   90.240601  -0.219727   0.128205
1.422509   90.240601  0.000000   0.126557
1.425009   90.240051  -0.219727   0.129769
1.427509   90.240051  0.000000   0.128121
1.430009   90.239502  -0.219727   0.131334
1.432509   90.240051  0.219727   0.126473
1.435009   90.240051  0.000000   0.128121
1.437509   90.240601  0.219727   0.124909
1.440009   90.240051  -0.219727   0.129760
1.442509   90.240051  0.000000   0.128112
1.445009   90.239502  -0.219727   0.131325
1.447509   90.239502  0.000000   0.129669
1.450009   90.239502  0.000000   0.129669
1.452510   90.240051  0.219727   0.126456
1.455010   90.240051  0.000000   0.128112
1.457510   90.240601  0.219727   0.124900
1.460010   90.240051  -0.219727   0.129769
1.462510   90.240051  0.000000   0.128121
1.465010   90.239502  -0.219727   0.131334
1.467510   90.239502  0.000000   0.129686
1.470010   90.240051  0.219727   0.126473
1.472510   90.240601  0.219727   0.124909
1.475010   90.240601  0.000000   0.126557
1.477510   90.240601  0.000000   0.126557
1.480010   90.240601  0.000000   0.126557
1.482510   90.240051  -0.219727   0.129778
1.485010   90.239502  -0.219727   0.131342
1.487510   90.239502  0.000000   0.129694
1.490010   90.240051  0.219727   0.126482
1.492510   90.240051  0.000000   0.128121
1.495010   90.240601  0.219727   0.124917
1.497511   90.240601  0.000000   0.126557
1.500011   90.240601  0.000000   0.126557
1.502511   90.240051  -0.219727   0.129769
1.505011   90.240051  0.000000   0.128121
1.507511   90.240051  0.000000   0.128121
1.510011   90.240601  0.219727   0.124909
1.512511   90.240601  0.000000   0.126557
1.515011   90.241150  0.219727   0.123345
1.517511   90.240601  -0.219727   0.128205
1.520011   90.240601  0.000000   0.126548
1.522511   90.240051  -0.219727   0.129760
1.525011   90.240601  0.219727   0.124900
1.527511   90.240051  -0.219727   0.129760
1.530011   90.240601  0.219727   0.124909
1.532511   90.240601  0.000000   0.126557
1.535011   90.240601  0.000000   0.126557
1.537511   90.240051  -0.219727   0.129769
1.540012   90.240051  0.000000   0.128121
1.542512   90.240051  0.000000   0.128121
1.545012   90.240601  0.219727   0.124909
1.547512   90.240601  0.000000   0.126557
1.550012   90.240601  0.000000   0.126557
1.552512   90.240601  0.000000   0.126557
1.555012   90.240051  -0.219727   0.129769
1.557512   90.239502  -0.219727   0.131334
1.560012   90.239502  0.000000   0.129686
1.562512   90.239502  0.000000   0.129686
1.565012   90.240051  0.219727   0.126473
1.567512   90.240051  0.000000   0.128121
1.570012   90.240601  0.219727   0.124909
1.572512   90.240051  -0.219727   0.129769
1.575012   90.239502  -0.219727   0.131334
1.577512   90.240051  0.219727   0.126473
1.580012   90.239502  -0.219727   0.131334
1.582512   90.240051  0.219727   0.126473
1.585013   90.239502  -0.219727   0.131334
1.587513   90.240051  0.219727   0.126473
1.590013   90.240051  0.000000   0.128121
1.592513   90.240601  0.219727   0.124909
1.595013   90.240051  -0.219727   0.129769
1.597513   90.240051  0.000000   0.128121
1.600013   90.240051  0.000000   0.128121
1.602513   90.240051  0.000000   0.128112
1.605013   90.240051  0.000000   0.128121
1.607513   90.240601  0.219727   0.124909
1.610013   90.240601  0.000000   0.126557
1.612513   90.240601  0.000000   0.126557
1.615013   90.240051  -0.219727   0.129769
1.617513   90.240051  0.000000   0.128121
1.620013   90.240051  0.000000   0.128121
1.622513   90.240601  0.219727   0.124909
1.625013   90.240601  0.000000   0.126557
1.627514   90.240601  0.000000   0.126557
1.630014   90.240601  0.000000   0.126557
1.632514   90.240051  -0.219727   0.129769
1.635014   90.240051  0.000000   0.128121
1.637514   90.240051  0.000000   0.128121
1.640014   90.240601  0.219727   0.124909
1.642514   90.240601  0.000000   0.126557
1.645014   90.240601  0.000000   0.126557
1.647514   90.240601  0.000000   0.126557
1.650014   90.240601  0.000000   0.126557
1.652514   90.240601  0.000000   0.126557
1.655014   90.240051  -0.219727   0.129769
1.657514   90.240051  0.000000   0.128121
1.660014   90.240051  0.000000   0.128121
1.662514   90.240051  0.000000   0.128121
1.665014   90.240051  0.000000   0.128121
1.667514   90.240051  0.000000   0.128121
1.670015   90.240051  0.000000   0.128121
1.672515   90.240051  0.000000   0.128121
1.675015   90.240051  0.000000   0.128121
1.677515   90.240051  0.000000   0.128121
1.680015   90.240051  0.000000   0.128121
1.682515   90.240051  0.000000   0.128121
1.685015   90.240051  0.000000   0.128121
1.687515   90.239502  -0.219727   0.131334
1.690015   90.240051  0.219727   0.126473
1.692515   90.240051  0.000000   0.128121
1.695015   90.240051  0.000000   0.128121
1.697515   90.240051  0.000000   0.128121
1.700015   90.240601  0.219727   0.124909
1.702515   90.240051  -0.219727   0.129769
1.705015   90.240051  0.000000   0.128121
1.707515   90.240051  0.000000   0.128121
1.710015   90.240051  0.000000   0.128121
1.712515   90.240051  0.000000   0.128121
1.715016   90.240051  0.000000   0.128121
1.717516   90.240051  0.000000   0.128121
1.720016   90.240601  0.219727   0.124909
1.722516   90.240601  0.000000   0.126557
1.725016   90.240601  0.000000   0.126557
1.727516   90.240051  -0.219727   0.129769
1.730016   90.240051  0.000000   0.128121
1.732516   90.240051  0.000000   0.128121
1.735016   90.240601  0.219727   0.124909
1.737516   90.240601  0.000000   0.126557
1.740016   90.240601  0.000000   0.126557
1.742516   90.240601  0.000000   0.126557
1.745016   90.240051  -0.219727   0.129769
1.747516   90.240051  0.000000   0.128121
1.750016   90.240051  0.000000   0.128121
1.752516   90.240051  0.000000   0.128121
1.755016   90.240051  0.000000   0.128121
1.757517   90.240601  0.219727   0.124909
1.760017   90.240601  0.000000   0.126557
1.762517   90.240601  0.000000   0.126557
1.765017   90.240051  -0.219727   0.129769
1.767517   90.240051  0.000000   0.128121
1.770017   90.240051  0.000000   0.128121
1.772517   90.240051  0.000000   0.128121
1.775017   90.240051  0.000000   0.128121
1.777517   90.240051  0.000000   0.128121
1.780017   90.240051  0.000000   0.128121
1.782517   90.240051  0.000000   0.128121
1.785017   90.240051  0.000000   0.128121
1.787517   90.240051  0.000000   0.128121
1.790017   90.240051  0.000000   0.128121
1.792517   90.240051  0.000000   0.128121
1.795017   90.240051  0.000000   0.128121
1.797517   90.240051  0.000000   0.128121
1.800017   90.240051  0.000000   0.128121
1.802518   90.240051  0.000000   0.128121
1.805018   90.240051  0.000000   0.128121
1.807518   90.240051  0.000000   0.128121
1.810018   90.240051  0.000000   0.128121
1.812518   90.240601  0.219727   0.124909
1.815018   90.240051  -0.219727   0.129769
1.817518   90.240051  0.000000   0.128121
1.820018   90.240051  0.000000   0.128121
1.822518   90.240051  0.000000   0.128121
1.825018   90.240051  0.000000   0.128121
1.827518   90.240051  0.000000   0.128121
1.830018   90.240601  0.219727   0.124909
1.832518   90.240051  -0.219727   0.129769
1.835018   90.240601  0.219727   0.124909
1.837518   90.240051  -0.219727   0.129769
1.840018   90.240051  0.000000   0.128121
1.842518   90.240051  0.000000   0.128121
1.845019   90.240051  0.000000   0.128121
1.847519   90.240051  0.000000   0.128121
1.850019   90.240601  0.219727   0.124909
1.852519   90.240051  -0.219727   0.129769
1.855019   90.240051  0.000000   0.128121
1.857519   90.240051  0.000000   0.128121
1.860019   90.240051  0.000000   0.128121
1.862519   90.240051  0.000000   0.128121
1.865019   90.240051  0.000000   0.128121
1.867519   90.240051  0.000000   0.128121
1.870019   90.240051  0.000000   0.128121
1.872519   90.240051  0.000000   0.128121
1.875019   90.240051  0.000000   0.128121
1.877519   90.240051  0.000000   0.128121
1.880019   90.240051  0.000000   0.128121
1.882519   90.240051  0.000000   0.128121
1.885019   90.240051  0.000000   0.128121
1.887519   90.240051  0.000000   0.128121
1.890020   90.240051  0.000000   0.128121
1.892520   90.240051  0.000000   0.128121
1.895020   90.240051  0.000000   0.128121
1.897520   90.240051  0.000000   0.128121
1.900020   90.240051  0.000000   0.128121
1.902520   90.240051  0.000000   0.128121
1.905020   90.240051  0.000000   0.128121
1.907520   90.240051  0.000000   0.128121
1.910020   90.240051  0.000000   0.128121
1.912520   90.240051  0.000000   0.128121
1.915020   90.240051  0.000000   0.128121
1.917520   90.240051  0.000000   0.128121
1.920020   90.240051  0.000000   0.128121
1.922520   90.240051  0.000000   0.128121
1.925020   90.240051  0.000000   0.128121
1.927520   90.240051  0.000000   0.128121
1.930020   90.240051  0.000000   0.128121
1.932521   90.240051  0.000000   0.128121
1.935021   90.240051  0.000000   0.128121
1.937521   90.240051  0.000000   0.128121
1.940021   90.240051  0.000000   0.128121
1.942521   90.240051  0.000000   0.128121
1.945021   90.240051  0.000000   0.128121
1.947521   90.240051  0.000000   0.128121
1.950021   90.240051  0.000000   0.128121
1.952521   90.240051  0.000000   0.128121
1.955021   90.240051  0.000000   0.128121
1.957521   90.240051  0.000000   0.128121
1.960021   90.240601  0.219727   0.124909
1.962521   90.240051  -0.219727   0.129769
1.965021   90.240051  0.000000   0.128121
1.967521   90.240051  0.000000   0.128121
1.970021   90.240051  0.000000   0.128121
1.972521   90.240051  0.000000   0.128121
1.975021   90.240051  0.000000   0.128121
1.977522   90.240051  0.000000   0.128121
1.980022   90.240051  0.000000   0.128121
1.982522   90.240051  0.000000   0.128121
1.985022   90.240051  0.000000   0.128121
1.987522   90.240051  0.000000   0.128121
1.990022   90.240051  0.000000   0.128121
1.992522   90.240051  0.000000   0.128121
1.995022   90.240051  0.000000   0.128121
1.997522   90.240051  0.000000   0.128121
2.000022   90.240051  0.000000   0.128121
2.002522   90.240051  0.000000   0.128121
2.005022   90.240051  0.000000   0.128121
2.007522   90.240051  0.000000   0.128121
2.010022   90.240051  0.000000   0.128121
2.012522   90.240051  0.000000   0.128121
2.015022   90.240051  0.000000   0.128121
2.017522   90.240051  0.000000   0.128121
2.020022   90.240051  0.000000   0.128121
2.022522   90.240051  0.000000   0.128121
2.025023   90.240051  0.000000   0.128121
2.027523   90.240051  0.000000   0.128121
2.030023   90.240051  0.000000   0.128121
2.032523   90.240051  0.000000   0.128121
2.035023   90.240051  0.000000   0.128121
2.037523   90.240051  0.000000   0.128121
2.040023   90.240051  0.000000   0.128121
2.042523   90.240051  0.000000   0.128121
2.045023   90.240051  0.000000   0.128121
2.047523   90.240051  0.000000   0.128121
2.050023   90.240051  0.000000   0.128121
2.052523   90.240051  0.000000   0.128121
2.055023   90.240051  0.000000   0.128121
2.057523   90.240051  0.000000   0.128121
2.060023   90.240051  0.000000   0.128121
2.062523   90.240051  0.000000   0.128121
2.065023   90.240051  0.000000   0.128121
2.067523   90.240051  0.000000   0.128121
2.070024   90.240051  0.000000   0.128121
2.072524   90.240051  0.000000   0.128121
2.075024   90.240051  0.000000   0.128121
2.077524   90.240051  0.000000   0.128121
2.080024   90.240051  0.000000   0.128121
2.082524   90.240051  0.000000   0.128121
2.085024   90.240051  0.000000   0.128121
2.087524   90.240051  0.000000   0.128121
2.090024   90.240051  0.000000   0.128121
2.092524   90.240051  0.000000   0.128121
2.095024   90.240051  0.000000   0.128121
2.097524   90.240051  0.000000   0.128121
2.100024   90.240051  0.000000   0.128121
2.102524   90.240051  0.000000   0.128121
2.105024   90.240051  0.000000   0.128121
2.107524   90.240051  0.000000   0.128121
2.110024   90.240051  0.000000   0.128121
2.112525   90.240051  0.000000   0.128121
2.115025   90.240051  0.000000   0.128121
2.117525   90.240051  0.000000   0.128121
2.120025   90.240051  0.000000   0.128121
2.122525   90.240051  0.000000   0.128121
2.125025   90.240051  0.000000   0.128121
2.127525   90.240051  0.000000   0.128121
2.130025   90.240051  0.000000   0.128121
2.132525   90.240051  0.000000   0.128121
2.135025   90.240051  0.000000   0.128121
2.137525   90.240051  0.000000   0.128121
2.140025   90.240051  0.000000   0.128121
2.142525   90.240051  0.000000   0.128121
2.145025   90.240051  0.000000   0.128121
2.147525   90.240051  0.000000   0.128121
2.150025   90.240051  0.000000   0.128121
2.152525   90.240051  0.000000   0.128121
2.155025   90.240051  0.000000   0.128121
2.157526   90.240051  0.000000   0.128121
2.160026   90.240051  0.000000   0.128121
2.162526   90.240051  0.000000   0.128121
2.165026   90.240051  0.000000   0.128121
2.167526   90.240051  0.000000   0.128121
2.170026   90.240051  0.000000   0.128121
2.172526   90.240051  0.000000   0.128121
2.175026   90.240051  0.000000   0.128121
2.177526   90.240051  0.000000   0.128121
2.180026   90.240051  0.000000   0.128121
2.182526   90.240051  0.000000   0.128121
2.185026   90.240051  0.000000   0.128121
2.187526   90.240051  0.000000   0.128121
2.190026   90.240051  0.000000   0.128121
2.192526   90.240051  0.000000   0.128121
2.195026   90.240051  0.000000   0.128121
2.197526   90.240051  0.000000   0.128121
2.200027   90.240051  0.000000   0.128121
2.202527   90.240051  0.000000   0.128121
2.205027   90.240051  0.000000   0.128121
2.207527   90.240051  0.000000   0.128121
2.210027   90.240051  0.000000   0.128121
2.212527   90.240051  0.000000   0.128121
2.215027   90.240051  0.000000   0.128121
2.217527   90.240051  0.000000   0.128121
2.220027   90.240051  0.000000   0.128121
2.222527   90.240051  0.000000   0.128121
2.225027   90.240051  0.000000   0.128121
2.227527   90.240051  0.000000   0.128121
2.230027   90.240051  0.000000   0.128121
2.232527   90.240051  0.000000   0.128121
2.235027   90.240051  0.000000   0.128121
2.237527   90.240051  0.000000   0.128121
2.240027   90.240051  0.000000   0.128121
2.242527   90.240051  0.000000   0.128121
2.245028   90.240051  0.000000   0.128121
2.247528   90.240051  0.000000   0.128121
2.250028   90.240051  0.000000   0.128121
2.252528   90.240051  0.000000   0.128121
2.255028   90.240051  0.000000   0.128121
2.257528   90.240051  0.000000   0.128121
2.260028   90.240051  0.000000   0.128121
2.262528   90.240051  0.000000   0.128121
2.265028   90.240051  0.000000   0.128121
2.267528   90.240051  0.000000   0.128121
2.270028   90.240051  0.000000   0.128121
2.272528   90.240051  0.000000   0.128121
2.275028   90.240051  0.000000   0.128121
2.277528   90.240051  0.000000   0.128121
2.280028   90.240051  0.000000   0.128121
2.282528   90.240051  0.000000   0.128121
2.285028   90.240051  0.000000   0.128121
2.287529   90.240051  0.000000   0.128121
2.290029   90.240051  0.000000   0.128121
2.292529   90.240051  0.000000   0.128121
2.295029   90.240051  0.000000   0.128121
2.297529   90.240051  0.000000   0.128121
2.300029   90.240051  0.000000   0.128121
2.302529   90.240051  0.000000   0.128121
2.305029   90.240051  0.000000   0.128121
2.307529   90.240051  0.000000   0.128121
2.310029   90.240051  0.000000   0.128121
2.312529   90.240051  0.000000   0.128121
2.315029   90.240051  0.000000   0.128121
2.317529   90.240051  0.000000   0.128121
2.320029   90.240051  0.000000   0.128121
2.322529   90.240051  0.000000   0.128121
2.325029   90.240051  0.000000   0.128121
2.327529   90.240051  0.000000   0.128121
2.330029   90.240051  0.000000   0.128121
2.332530   90.240051  0.000000   0.128121
2.335030   90.240051  0.000000   0.128121
2.337530   90.240051  0.000000   0.128121
2.340030   90.240051  0.000000   0.128121
2.342530   90.240051  0.000000   0.128121
2.345030   90.240051  0.000000   0.128121
2.347530   90.240051  0.000000   0.128121
2.350030   90.240051  0.000000   0.128121
2.352530   90.240051  0.000000   0.128121
2.355030   90.240051  0.000000   0.128121
2.357530   90.240051  0.000000   0.128121
2.360030   90.240051  0.000000   0.128121
2.362530   90.240051  0.000000   0.128121
2.365030   90.240051  0.000000   0.128121
2.367530   90.240051  0.000000   0.128121
2.370030   90.240051  0.000000   0.128121
2.372530   90.240051  0.000000   0.128121
2.375031   90.240051  0.000000   0.128121
2.377531   90.240051  0.000000   0.128121
2.380031   90.240051  0.000000   0.128121
2.382531   90.240051  0.000000   0.128121
2.385031   90.240051  0.000000   0.128121
2.387531   90.240051  0.000000   0.128121
2.390031   90.240051  0.000000   0.128121
2.392531   90.240051  0.000000   0.128121
2.395031   90.240051  0.000000   0.128121
2.397531   90.240051  0.000000   0.128121
2.400031   90.240051  0.000000   0.128121
2.402531   90.240051  0.000000   0.128121
2.405031   90.240051  0.000000   0.128121
2.407531   90.240051  0.000000   0.128121
2.410031   90.240051  0.000000   0.128121
2.412531   90.240051  0.000000   0.128121
2.415031   90.240051  0.000000   0.128121
2.417531   90.240051  0.000000   0.128121
2.420032   90.240051  0.000000   0.128121
2.422532   90.240051  0.000000   0.128121
2.425032   90.240051  0.000000   0.128121
2.427532   90.240051  0.000000   0.128121
2.430032   90.240051  0.000000   0.128121
2.432532   90.240051  0.000000   0.128121
2.435032   90.240051  0.000000   0.128121
2.437532   90.240051  0.000000   0.128121
2.440032   90.240051  0.000000   0.128121
2.442532   90.240051  0.000000   0.128121
2.445032   90.240051  0.000000   0.128121
2.447532   90.240051  0.000000   0.128121
2.450032   90.240051  0.000000   0.128121
2.452532   90.240051  0.000000   0.128121
2.455032   90.240051  0.000000   0.128121
2.457532   90.240051  0.000000   0.128121
2.460032   90.240051  0.000000   0.128121
2.462533   90.240051  0.000000   0.128121
2.465033   90.240051  0.000000   0.128121
2.467533   90.240051  0.000000   0.128121
2.470033   90.240051  0.000000   0.128121
2.472533   90.240051  0.000000   0.128121
2.475033   90.240051  0.000000   0.128121
2.477533   90.240051  0.000000   0.128121
2.480033   90.240051  0.000000   0.128121
2.482533   90.240051  0.000000   0.128121
2.485033   90.240601  0.219727   0.124909
2.487533   90.240051  -0.219727   0.129769
2.490033   90.240051  0.000000   0.128121
2.492533   90.240051  0.000000   0.128121
2.495033   90.240051  0.000000   0.128121
2.497533   90.240051  0.000000   0.128121
2.500033   90.240051  0.000000   0.128121
2.502533   90.240051  0.000000   0.128121
2.505033   90.240051  0.000000   0.128121
2.507534   90.240051  0.000000   0.128121
2.510034   90.240051  0.000000   0.128121
2.512534   90.240051  0.000000   0.128121
2.515034   90.240051  0.000000   0.128121
2.517534   90.240051  0.000000   0.128121
2.520034   90.240051  0.000000   0.128121
2.522534   90.240051  0.000000   0.128121
2.525034   90.240051  0.000000   0.128121
2.527534   90.240051  0.000000   0.128121
2.530034   90.240051  0.000000   0.128121
2.532534   90.240051  0.000000   0.128121
2.535034   90.240051  0.000000   0.128121
2.537534   90.240051  0.000000   0.128121
2.540034   90.240051  0.000000   0.128121
2.542534   90.240051  0.000000   0.128121
2.545034   90.240051  0.000000   0.128121
2.547534   90.240051  0.000000   0.128121
2.550035   90.240051  0.000000   0.128121
2.552535   90.240051  0.000000   0.128121
2.555035   90.240051  0.000000   0.128121
2.557535   90.240051  0.000000   0.128121
2.560035   90.240051  0.000000   0.128121
2.562535   90.240051  0.000000   0.128121
2.565035   90.240051  0.000000   0.128121
2.567535   90.240051  0.000000   0.128121
2.570035   90.240051  0.000000   0.128121
2.572535   90.240051  0.000000   0.128121
2.575035   90.240051  0.000000   0.128121
2.577535   90.240051  0.000000   0.128121
2.580035   90.240051  0.000000   0.128121
2.582535   90.240051  0.000000   0.128121
2.585035   90.240051  0.000000   0.128121
2.587535   90.240051  0.000000   0.128121
2.590035   90.240051  0.000000   0.128121
2.592535   90.240051  0.000000   0.128121
2.595036   90.240051  0.000000   0.128121
2.597536   90.240051  0.000000   0.128121
2.600036   90.240051  0.000000   0.128121
2.602536   90.240051  0.000000   0.128121
2.605036   90.240051  0.000000   0.128121
2.607536   90.240051  0.000000   0.128121
2.610036   90.240051  0.000000   0.128121
2.612536   90.240051  0.000000   0.128121
2.615036   90.240051  0.000000   0.128121
2.617536   90.240051  0.000000   0.128121
2.620036   90.240051  0.000000   0.128121
2.622536   90.240051  0.000000   0.128121
2.625036   90.240051  0.000000   0.128121
2.627536   90.240051  0.000000   0.128121
2.630036   90.240051  0.000000   0.128121
2.632536   90.240051  0.000000   0.128121
2.635036   90.240051  0.000000   0.128121
2.637537   90.240051  0.000000   0.128121
2.640037   90.240051  0.000000   0.128121
2.642537   90.240051  0.000000   0.128121
2.645037   90.240051  0.000000   0.128121
2.647537   90.240051  0.000000   0.128121
2.650037   90.240051  0.000000   0.128121
2.652537   90.240051  0.000000   0.128121
2.655037   90.240051  0.000000   0.128121
2.657537   90.240051  0.000000   0.128121
2.660037   90.240051  0.000000   0.128121
2.662537   90.240051  0.000000   0.128121
2.665037   90.240051  0.000000   0.128121
2.667537   90.240051  0.000000   0.128121
2.670037   90.240051  0.000000   0.128121
2.672537   90.240051  0.000000   0.128121
2.675037   90.240051  0.000000   0.128121
2.677537   90.240051  0.000000   0.128121
2.680037   90.240051  0.000000   0.128121
2.682538   90.240051  0.000000   0.128121
2.685038   90.240051  0.000000   0.128121
2.687538   90.240051  0.000000   0.128121
2.690038   90.240051  0.000000   0.128121
2.692538   90.240051  0.000000   0.128121
2.695038   90.240051  0.000000   0.128121
2.697538   90.240051  0.000000   0.128121
2.700038   90.240051  0.000000   0.128121
2.702538   90.240051  0.000000   0.128121
2.705038   90.240051  0.000000   0.128121
2.707538   90.240051  0.000000   0.128121
2.710038   90.240051  0.000000   0.128121
2.712538   90.240051  0.000000   0.128121
2.715038   90.240051  0.000000   0.128121
2.717538   90.240051  0.000000   0.128121
2.720038   90.240051  0.000000   0.128121
2.722538   90.240051  0.000000   0.128121
2.725039   90.240051  0.000000   0.128121
2.727539   90.240051  0.000000   0.128121
2.730039   90.240051  0.000000   0.128121
2.732539   90.240051  0.000000   0.128121
2.735039   90.240051  0.000000   0.128121
2.737539   90.240051  0.000000   0.128121
2.740039   90.240051  0.000000   0.128121
2.742539   90.240051  0.000000   0.128121
2.745039   90.240051  0.000000   0.128121
2.747539   90.240051  0.000000   0.128121
2.750039   90.240051  0.000000   0.128121
2.752539   90.240051  0.000000   0.128121
2.755039   90.240051  0.000000   0.128121
2.757539   90.240051  0.000000   0.128121
2.760039   90.240051  0.000000   0.128121
2.762539   90.240051  0.000000   0.128121
2.765039   90.240051  0.000000   0.128121
2.767540   90.240051  0.000000   0.128121
2.770040   90.240051  0.000000   0.128121
2.772540   90.240051  0.000000   0.128121
2.775040   90.240051  0.000000   0.128121
2.777540   90.240051  0.000000   0.128121
2.780040   90.240051  0.000000   0.128121
2.782540   90.240051  0.000000   0.128121
2.785040   90.240051  0.000000   0.128121
2.787540   90.240051  0.000000   0.128121
2.790040   90.240051  0.000000   0.128121
2.792540   90.240051  0.000000   0.128121
2.795040   90.240051  0.000000   0.128121
2.797540   90.240051  0.000000   0.128121
2.800040   90.240051  0.000000   0.128121
2.802540   90.240051  0.000000   0.128121
2.805040   90.240051  0.000000   0.128121
2.807540   90.240051  0.000000   0.128121
2.810040   90.240051  0.000000   0.128121
2.812541   90.240051  0.000000   0.128121
2.815041   90.240051  0.000000   0.128121
2.817541   90.240051  0.000000   0.128121
2.820041   90.240051  0.000000   0.128121
2.822541   90.240051  0.000000   0.128121
2.825041   90.240051  0.000000   0.128121
2.827541   90.240051  0.000000   0.128121
2.830041   90.240051  0.000000   0.128121
2.832541   90.240051  0.000000   0.128121
2.835041   90.240051  0.000000   0.128121
2.837541   90.240051  0.000000   0.128121
2.840041   90.240051  0.000000   0.128121
2.842541   90.240051  0.000000   0.128121
2.845041   90.240051  0.000000   0.128121
2.847541   90.240051  0.000000   0.128121
2.850041   90.240051  0.000000   0.128121
2.852541   90.240051  0.000000   0.128121
2.855042   90.240051  0.000000   0.128121
2.857542   90.240601  0.219727   0.124909
2.860042   90.240051  -0.219727   0.129769
2.862542   90.240051  0.000000   0.128121
2.865042   90.240051  0.000000   0.128121
2.867542   90.240051  0.000000   0.128121
2.870042   90.240051  0.000000   0.128121
2.872542   90.240051  0.000000   0.128121
2.875042   90.240051  0.000000   0.128121
2.877542   90.240051  0.000000   0.128121
2.880042   90.240051  0.000000   0.128121
2.882542   90.240051  0.000000   0.128121
2.885042   90.240051  0.000000   0.128121
2.887542   90.240051  0.000000   0.128121
2.890042   90.240051  0.000000   0.128121
2.892542   90.240051  0.000000   0.128121
2.895042   90.240051  0.000000   0.128121
2.897542   90.240051  0.000000   0.128121
2.900043   90.240051  0.000000   0.128121
2.902543   90.240051  0.000000   0.128121
2.905043   90.240051  0.000000   0.128121
2.907543   90.240051  0.000000   0.128121
2.910043   90.240051  0.000000   0.128121
2.912543   90.240051  0.000000   0.128121
2.915043   90.240051  0.000000   0.128121
2.917543   90.240051  0.000000   0.128121
2.920043   90.240051  0.000000   0.128121
2.922543   90.240051  0.000000   0.128121
2.925043   90.240051  0.000000   0.128121
2.927543   90.240051  0.000000   0.128121
2.930043   90.240051  0.000000   0.128121
2.932543   90.240051  0.000000   0.128121
2.935043   90.240051  0.000000   0.128121
2.937543   90.240051  0.000000   0.128121
2.940043   90.240051  0.000000   0.128121
2.942544   90.240051  0.000000   0.128121
2.945044   90.240051  0.000000   0.128121
2.947544   90.240051  0.000000   0.128121
2.950044   90.240051  0.000000   0.128121
2.952544   90.240051  0.000000   0.128121
2.955044   90.240051  0.000000   0.128121
2.957544   90.240051  0.000000   0.128121
2.960044   90.240051  0.000000   0.128121
2.962544   90.240051  0.000000   0.128121
2.965044   90.240051  0.000000   0.128121
2.967544   90.240051  0.000000   0.128121
2.970044   90.240051  0.000000   0.128121
2.972544   90.240051  0.000000   0.128121
2.975044   90.240051  0.000000   0.128121
2.977544   90.240051  0.000000   0.128121
2.980044   90.240051  0.000000   0.128121
2.982544   90.240051  0.000000   0.128121
2.985044   90.240051  0.000000   0.128121
2.987545   90.240051  0.000000   0.128121
2.990045   90.240051  0.000000   0.128121
2.992545   90.240051  0.000000   0.128121
2.995045   90.240051  0.000000   0.128121
2.997545   90.240051  0.000000   0.128121
3.000045   90.240051  0.000000   0.128121
3.002545   90.240051  0.000000   0.128121
3.005045   90.240051  0.000000   0.128121
3.007545   90.240051  0.000000   0.128121
3.010045   90.240051  0.000000   0.128121
3.012545   90.240051  0.000000   0.128121
3.015045   90.240051  0.000000   0.128121
3.017545   90.240051  0.000000   0.128121
3.020045   90.240051  0.000000   0.128121
3.022545   90.240051  0.000000   0.128121
3.025045   90.240051  0.000000   0.128121
3.027545   90.240051  0.000000   0.128121
3.030046   90.240051  0.000000   0.128121
3.032546   90.240051  0.000000   0.128121
3.035046   90.240051  0.000000   0.128121
3.037546   90.240051  0.000000   0.128121
3.040046   90.240051  0.000000   0.128121
3.042546   90.240051  0.000000   0.128121
3.045046   90.240051  0.000000   0.128121
3.047546   90.240051  0.000000   0.128121
3.050046   90.240051  0.000000   0.128121
3.052546   90.240051  0.000000   0.128121
3.055046   90.240051  0.000000   0.128121
3.057546   90.240051  0.000000   0.128121
3.060046   90.240051  0.000000   0.128121
3.062546   90.240051  0.000000   0.128121
3.065046   90.240051  0.000000   0.128121
3.067546   90.240051  0.000000   0.128121
3.070046   90.240051  0.000000   0.128121
3.072546   90.240051  0.000000   0.128121
3.075047   90.240051  0.000000   0.128121
3.077547   90.240051  0.000000   0.128121
3.080047   90.240051  0.000000   0.128121
3.082547   90.240051  0.000000   0.128121
3.085047   90.240051  0.000000   0.128121
3.087547   90.240051  0.000000   0.128121
3.090047   90.240051  0.000000   0.128121
3.092547   90.240051  0.000000   0.128121
3.095047   90.240051  0.000000   0.128121
3.097547   90.240051  0.000000   0.128121
3.100047   90.240051  0.000000   0.128121
3.102547   90.240051  0.000000   0.128121
3.105047   90.240051  0.000000   0.128121
3.107547   90.240051  0.000000   0.128121
3.110047   90.240051  0.000000   0.128121
3.112547   90.240051  0.000000   0.128121
3.115047   90.240051  0.000000   0.128121
3.117548   90.240051  0.000000   0.128121
3.120048   90.240051  0.000000   0.128121
3.122548   90.240051  0.000000   0.128121
3.125048   90.240051  0.000000   0.128121
3.127548   90.240051  0.000000   0.128121
3.130048   90.240051  0.000000   0.128121
3.132548   90.240051  0.000000   0.128121
3.135048   90.240051  0.000000   0.128121
3.137548   90.240051  0.000000   0.128121
3.140048   90.240051  0.000000   0.128121
3.142548   90.240051  0.000000   0.128121
3.145048   90.240051  0.000000   0.128121
3.147548   90.240051  0.000000   0.128121
3.150048   90.240051  0.000000   0.128121
3.152548   90.240051  0.000000   0.128121
3.155048   90.240051  0.000000   0.128121
3.157548   90.240601  0.219727   0.124909
3.160048   90.240051  -0.219727   0.129769
3.162549   90.240051  0.000000   0.128121
3.165049   90.240051  0.000000   0.128121
3.167549   90.240051  0.000000   0.128121
3.170049   90.240051  0.000000   0.128121
3.172549   90.240051  0.000000   0.128121
3.175049   90.240051  0.000000   0.128121
3.177549   90.240051  0.000000   0.128121
3.180049   90.240051  0.000000   0.128121
3.182549   90.240051  0.000000   0.128121
3.185049   90.240051  0.000000   0.128121
3.187549   90.240051  0.000000   0.128121
3.190049   90.240051  0.000000   0.128121
3.192549   90.240051  0.000000   0.128121
3.195049   90.240051  0.000000   0.128121
3.197549   90.240051  0.000000   0.128121
3.200049   90.240051  0.000000   0.128121
3.202549   90.240051  0.000000   0.128121
3.205050   90.240051  0.000000   0.128121
3.207550   90.240051  0.000000   0.128121
3.210050   90.240051  0.000000   0.128121
3.212550   90.240051  0.000000   0.128121
3.215050   90.240051  0.000000   0.128121
3.217550   90.240051  0.000000   0.128121
3.220050   90.240051  0.000000   0.128121
3.222550   90.240051  0.000000   0.128121
3.225050   90.240051  0.000000   0.128121
3.227550   90.240051  0.000000   0.128121
3.230050   90.240051  0.000000   0.128121
3.232550   90.240051  0.000000   0.128121
3.235050   90.240051  0.000000   0.128121
3.237550   90.240051  0.000000   0.128121
3.240050   90.240051  0.000000   0.128121
3.242550   90.240051  0.000000   0.128121
3.245050   90.240051  0.000000   0.128121
3.247550   90.240051  0.000000   0.128121
3.250051   90.240051  0.000000   0.128121
3.252551   90.240051  0.000000   0.128121
3.255051   90.240051  0.000000   0.128121
3.257551   90.240051  0.000000   0.128121
3.260051   90.240051  0.000000   0.128121
3.262551   90.240051  0.000000   0.128121
3.265051   90.240051  0.000000   0.128121
3.267551   90.240051  0.000000   0.128121
3.270051   90.240051  0.000000   0.128121
3.272551   90.240051  0.000000   0.128121
3.275051   90.240051  0.000000   0.128121
3.277551   90.240051  0.000000   0.128121
3.280051   90.240051  0.000000   0.128121
3.282551   90.240051  0.000000   0.128121
3.285051   90.240051  0.000000   0.128121
3.287551   90.240051  0.000000   0.128121
3.290051   90.240051  0.000000   0.128121
3.292552   90.240051  0.000000   0.128121
3.295052   90.240051  0.000000   0.128121
3.297552   90.240051  0.000000   0.128121
3.300052   90.240051  0.000000   0.128121
3.302552   90.240051  0.000000   0.128121
3.305052   90.240051  0.000000   0.128121
3.307552   90.240051  0.000000   0.128121
3.310052   90.240051  0.000000   0.128121
3.312552   90.240601  0.219727   0.124909
3.315052   90.240051  -0.219727   0.129769
3.317552   90.240051  0.000000   0.128121
3.320052   90.240051  0.000000   0.128121
3.322552   90.240051  0.000000   0.128121
3.325052   90.240051  0.000000   0.128121
3.327552   90.240051  0.000000   0.128121
3.330052   90.240051  0.000000   0.128121
3.332552   90.240051  0.000000   0.128121
3.335052   90.240051  0.000000   0.128121
3.337553   90.240051  0.000000   0.128121
3.340053   90.240051  0.000000   0.128121
3.342553   90.240051  0.000000   0.128121
3.345053   90.240051  0.000000   0.128121
3.347553   90.240051  0.000000   0.128121
3.350053   90.240051  0.000000   0.128121
3.352553   90.240051  0.000000   0.128121
3.355053   90.240051  0.000000   0.128121
3.357553   90.240051  0.000000   0.128121
3.360053   90.240051  0.000000   0.128121
3.362553   90.240051  0.000000   0.128121
3.365053   90.240051  0.000000   0.128121
3.367553   90.240051  0.000000   0.128121
3.370053   90.240051  0.000000   0.128121
3.372553   90.240051  0.000000   0.128121
3.375053   90.240051  0.000000   0.128121
3.377553   90.240051  0.000000   0.128121
3.380054   90.240051  0.000000   0.128121
3.382554   90.240051  0.000000   0.128121
3.385054   90.240051  0.000000   0.128121
3.387554   90.240051  0.000000   0.128121
3.390054   90.240051  0.000000   0.128121
3.392554   90.240051  0.000000   0.128121
3.395054   90.240051  0.000000   0.128121
3.397554   90.240051  0.000000   0.128121
3.400054   90.240051  0.000000   0.128121
3.402554   90.240051  0.000000   0.128121
3.405054   90.240051  0.000000   0.128121
3.407554   90.240051  0.000000   0.128121
3.410054   90.240051  0.000000   0.128121
3.412554   90.240051  0.000000   0.128121
3.415054   90.240051  0.000000   0.128121
3.417554   90.240051  0.000000   0.128121
3.420054   90.240051  0.000000   0.128121
3.422554   90.240051  0.000000   0.128121
3.425055   90.240051  0.000000   0.128121
3.427555   90.240051  0.000000   0.128121
3.430055   90.240051  0.000000   0.128121
3.432555   90.240051  0.000000   0.128121
3.435055   90.240051  0.000000   0.128121
3.437555   90.240051  0.000000   0.128121
3.440055   90.240051  0.000000   0.128121
3.442555   90.240051  0.000000   0.128121
3.445055   90.240051  0.000000   0.128121
3.447555   90.240051  0.000000   0.128121
3.450055   90.240051  0.000000   0.128121
3.452555   90.240051  0.000000   0.128121
3.455055   90.240051  0.000000   0.128121
3.457555   90.240051  0.000000   0.128121
3.460055   90.240051  0.000000   0.128121
3.462555   90.240051  0.000000   0.128121
3.465055   90.240051  0.000000   0.128121
3.467556   90.240051  0.000000   0.128121
3.470056   90.240051  0.000000   0.128121
3.472556   90.240051  0.000000   0.128121
3.475056   90.240051  0.000000   0.128121
3.477556   90.240051  0.000000   0.128121
3.480056   90.240051  0.000000   0.128121
3.482556   90.240051  0.000000   0.128121
3.485056   90.240051  0.000000   0.128121
3.487556   90.240051  0.000000   0.128121
3.490056   90.240051  0.000000   0.128121
3.492556   90.240051  0.000000   0.128121
3.495056   90.240051  0.000000   0.128121
3.497556   90.240051  0.000000   0.128121
3.500056   90.240051  0.000000   0.128121
3.502556   90.240051  0.000000   0.128121
3.505056   90.240051  0.000000   0.128121
3.507556   90.240051  0.000000   0.128121
3.510056   90.240051  0.000000   0.128121
3.512557   90.240051  0.000000   0.128121
3.515057   90.240051  0.000000   0.128121
3.517557   90.240051  0.000000   0.128121
3.520057   90.240051  0.000000   0.128121
3.522557   90.240051  0.000000   0.128121
3.525057   90.240051  0.000000   0.128121
3.527557   90.240051  0.000000   0.128121
3.530057   90.240051  0.000000   0.128121
3.532557   90.240051  0.000000   0.128121
3.535057   90.240051  0.000000   0.128121
3.537557   90.240051  0.000000   0.128121
3.540057   90.240051  0.000000   0.128121
3.542557   90.240051  0.000000   0.128121
3.545057   90.240051  0.000000   0.128121
3.547557   90.240051  0.000000   0.128121
3.550057   90.240051  0.000000   0.128121
3.552557   90.240051  0.000000   0.128121
3.555058   90.240051  0.000000   0.128121
3.557558   90.240051  0.000000   0.128121
3.560058   90.240051  0.000000   0.128121
3.562558   90.240051  0.000000   0.128121
3.565058   90.240051  0.000000   0.128121
3.567558   90.240051  0.000000   0.128121
3.570058   90.240051  0.000000   0.128121
3.572558   90.240051  0.000000   0.128121
3.575058   90.240051  0.000000   0.128121
3.577558   90.240051  0.000000   0.128121
3.580058   90.240051  0.000000   0.128121
3.582558   90.240051  0.000000   0.128121
3.585058   90.240051  0.000000   0.128121
3.587558   90.240051  0.000000   0.128121
3.590058   90.240051  0.000000   0.128121
3.592558   90.240051  0.000000   0.128121
3.595058   90.240051  0.000000   0.128121
3.597558   90.240051  0.000000   0.128121
3.600059   90.240051  0.000000   0.128121
3.602559   90.240051  0.000000   0.128121
3.605059   90.240051  0.000000   0.128121
3.607559   90.240051  0.000000   0.128121
3.610059   90.240051  0.000000   0.128121
3.612559   90.240051  0.000000   0.128121
3.615059   90.240051  0.000000   0.128121
3.617559   90.240051  0.000000   0.128121
3.620059   90.240051  0.000000   0.128121
3.622559   90.240051  0.000000   0.128121
3.625059   90.240051  0.000000   0.128121
3.627559   90.240051  0.000000   0.128121
3.630059   90.240051  0.000000   0.128121
3.632559   90.240051  0.000000   0.128121
3.635059   90.240051  0.000000   0.128121
3.637559   90.240051  0.000000   0.128121
3.640059   90.240051  0.000000   0.128121
3.642560   90.240051  0.000000   0.128121
3.645060   90.240051  0.000000   0.128121
3.647560   90.240051  0.000000   0.128121
3.650060   90.240051  0.000000   0.128121
3.652560   90.240051  0.000000   0.128121
3.655060   90.240051  0.000000   0.128121
3.657560   90.240051  0.000000   0.128121
3.660060   90.240051  0.000000   0.128121
3.662560   90.240051  0.000000   0.128121
3.665060   90.240051  0.000000   0.128121
3.667560   90.240051  0.000000   0.128121
3.670060   90.240051  0.000000   0.128121
3.672560   90.240051  0.000000   0.128121
3.675060   90.240051  0.000000   0.128121
3.677560   90.240051  0.000000   0.128121
3.680060   90.240051  0.000000   0.128121
3.682560   90.240051  0.000000   0.128121
3.685061   90.240051  0.000000   0.128121
3.687561   90.240051  0.000000   0.128121
3.690061   90.240051  0.000000   0.128121
3.692561   90.240051  0.000000   0.128121
3.695061   90.240051  0.000000   0.128121
3.697561   90.240051  0.000000   0.128121
3.700061   90.240051  0.000000   0.128121
3.702561   90.240051  0.000000   0.128121
3.705061   90.240051  0.000000   0.128121
3.707561   90.240051  0.000000   0.128121
3.710061   90.240051  0.000000   0.128121
3.712561   90.240051  0.000000   0.128121
3.715061   90.240051  0.000000   0.128121
3.717561   90.240051  0.000000   0.128121
3.720061   90.240051  0.000000   0.128121
3.722561   90.240051  0.000000   0.128121
3.725061   90.240051  0.000000   0.128121
3.727561   90.240051  0.000000   0.128121
3.730062   90.240051  0.000000   0.128121
3.732562   90.240051  0.000000   0.128121
3.735062   90.240051  0.000000   0.128121
3.737562   90.240051  0.000000   0.128121
3.740062   90.240051  0.000000   0.128121
3.742562   90.240051  0.000000   0.128121
3.745062   90.240051  0.000000   0.128121
3.747562   90.240051  0.000000   0.128121
3.750062   90.240051  0.000000   0.128121
3.752562   90.240051  0.000000   0.128121
3.755062   90.240051  0.000000   0.128121
3.757562   90.240051  0.000000   0.128121
3.760062   90.240051  0.000000   0.128121
3.762562   90.240051  0.000000   0.128121
3.765062   90.240051  0.000000   0.128121
3.767562   90.240051  0.000000   0.128121
3.770062   90.240051  0.000000   0.128121
3.772563   90.240051  0.000000   0.128121
3.775063   90.240051  0.000000   0.128121
3.777563   90.240051  0.000000   0.128121
3.780063   90.240051  0.000000   0.128121
3.782563   90.240051  0.000000   0.128121
3.785063   90.240051  0.000000   0.128121
3.787563   90.240051  0.000000   0.128121
3.790063   90.240051  0.000000   0.128121
3.792563   90.240051  0.000000   0.128121
3.795063   90.240051  0.000000   0.128121
3.797563   90.240051  0.000000   0.128121
3.800063   90.240051  0.000000   0.128121
3.802563   90.240051  0.000000   0.128121
3.805063   90.240051  0.000000   0.128121
3.807563   90.240051  0.000000   0.128121
3.810063   90.240051  0.000000   0.128121
3.812563   90.240051  0.000000   0.128121
3.815063   90.240051  0.000000   0.128121
3.817564   90.240051  0.000000   0.128121
3.820064   90.240051  0.000000   0.128121
3.822564   90.240051  0.000000   0.128121
3.825064   90.240051  0.000000   0.128121
3.827564   90.240051  0.000000   0.128121
3.830064   90.240051  0.000000   0.128121
3.832564   90.240051  0.000000   0.128121
3.835064   90.240051  0.000000   0.128121
3.837564   90.240051  0.000000   0.128121
3.840064   90.240051  0.000000   0.128121
3.842564   90.240051  0.000000   0.128121
3.845064   90.240051  0.000000   0.128121
3.847564   90.240051  0.000000   0.128121
3.850064   90.240051  0.000000   0.128121
3.852564   90.240051  0.000000   0.128121
3.855064   90.240051  0.000000   0.128121
3.857564   90.240051  0.000000   0.128121
3.860065   90.240051  0.000000   0.128121
3.862565   90.240051  0.000000   0.128121
3.865065   90.240051  0.000000   0.128121
3.867565   90.240051  0.000000   0.128121
3.870065   90.240051  0.000000   0.128121
3.872565   90.240051  0.000000   0.128121
3.875065   90.240051  0.000000   0.128121
3.877565   90.240051  0.000000   0.128121
3.880065   90.240051  0.000000   0.128121
3.882565   90.240051  0.000000   0.128121
3.885065   90.240051  0.000000   0.128121
3.887565   90.240051  0.000000   0.128121
3.890065   90.240051  0.000000   0.128121
3.892565   90.240051  0.000000   0.128121
3.895065   90.240051  0.000000   0.128121
3.897565   90.240051  0.000000   0.128121
3.900065   90.240051  0.000000   0.128121
3.902565   90.240051  0.000000   0.128121
3.905066   90.240051  0.000000   0.128121
3.907566   90.240051  0.000000   0.128121
3.910066   90.240051  0.000000   0.128121
3.912566   90.240051  0.000000   0.128121
3.915066   90.240051  0.000000   0.128121
3.917566   90.240051  0.000000   0.128121
3.920066   90.240051  0.000000   0.128121
3.922566   90.240051  0.000000   0.128121
3.925066   90.240051  0.000000   0.128121
3.927566   90.240051  0.000000   0.128121
3.930066   90.240051  0.000000   0.128121
3.932566   90.240051  0.000000   0.128121
3.935066   90.240051  0.000000   0.128121
3.937566   90.240051  0.000000   0.128121
3.940066   90.240051  0.000000   0.128121
3.942566   90.240051  0.000000   0.128121
3.945066   90.240051  0.000000   0.128121
3.947567   90.240051  0.000000   0.128121
3.950067   90.240051  0.000000   0.128121
3.952567   90.240051  0.000000   0.128121
3.955067   90.240051  0.000000   0.128121
3.957567   90.240051  0.000000   0.128121
3.960067   90.240051  0.000000   0.128121
3.962567   90.240051  0.000000   0.128121
3.965067   90.240051  0.000000   0.128121
3.967567   90.240051  0.000000   0.128121
3.970067   90.240051  0.000000   0.128121
3.972567   90.240051  0.000000   0.128121
3.975067   90.240051  0.000000   0.128121
3.977567   90.240051  0.000000   0.128121
3.980067   90.240051  0.000000   0.128121
3.982567   90.240051  0.000000   0.128121
3.985067   90.240051  0.000000   0.128121
3.987567   90.240051  0.000000   0.128121
3.990067   90.240051  0.000000   0.128121
3.992568   90.240051  0.000000   0.128121
3.995068   90.240051  0.000000   0.128121
3.997568   90.240051  0.000000   0.128121
4.000068   90.240051  0.000000   0.128121
4.002568   90.240051  0.000000   0.128121
4.005068   90.240051  0.000000   0.128121
4.007568   90.240051  0.000000   0.128121
4.010068   90.240051  0.000000   0.128121
4.012568   90.240051  0.000000   0.128121
4.015068   90.240051  0.000000   0.128121
4.017568   90.240051  0.000000   0.128121
4.020068   90.240051  0.000000   0.128121
4.022568   90.240051  0.000000   0.128121
4.025068   90.240051  0.000000   0.128121
4.027568   90.240051  0.000000   0.128121
4.030068   90.240051  0.000000   0.128121
4.032568   90.240051  0.000000   0.128121
4.035069   90.240051  0.000000   0.128121
4.037569   90.240051  0.000000   0.128121
4.040069   90.240051  0.000000   0.128121
4.042569   90.240051  0.000000   0.128121
4.045069   90.240051  0.000000   0.128121
4.047569   90.240051  0.000000   0.128121
4.050069   90.240051  0.000000   0.128121
4.052569   90.240051  0.000000   0.128121
4.055069   90.240051  0.000000   0.128121
4.057569   90.240051  0.000000   0.128121
4.060069   90.240051  0.000000   0.128121
4.062569   90.240051  0.000000   0.128121
4.065069   90.240051  0.000000   0.128121
4.067569   90.240051  0.000000   0.128121
4.070069   90.240051  0.000000   0.128121
4.072569   90.240051  0.000000   0.128121
4.075069   90.240051  0.000000   0.128121
4.077569   90.240051  0.000000   0.128121
4.080070   90.240051  0.000000   0.128121
4.082570   90.240051  0.000000   0.128121
4.085070   90.240051  0.000000   0.128121
4.087570   90.240051  0.000000   0.128121
4.090070   90.240051  0.000000   0.128121
4.092570   90.240051  0.000000   0.128121
4.095070   90.240051  0.000000   0.128121
4.097570   90.240051  0.000000   0.128121
4.100070   90.240051  0.000000   0.128121
4.102570   90.240051  0.000000   0.128121
4.105070   90.240051  0.000000   0.128121
4.107570   90.240051  0.000000   0.128121
4.110070   90.240051  0.000000   0.128121
4.112570   90.240051  0.000000   0.128121
4.115070   90.240051  0.000000   0.128121
4.117570   90.240051  0.000000   0.128121
4.120070   90.240051  0.000000   0.128121
4.122571   90.240051  0.000000   0.128121
4.125071   90.240051  0.000000   0.128121
4.127571   90.240051  0.000000   0.128121
4.130071   90.240051  0.000000   0.128121
4.132571   90.240051  0.000000   0.128121
4.135071   90.240051  0.000000   0.128121
4.137571   90.240051  0.000000   0.128121
4.140071   90.240051  0.000000   0.128121
4.142571   90.240051  0.000000   0.128121
4.145071   90.240051  0.000000   0.128121
4.147571   90.240051  0.000000   0.128121
4.150071   90.240051  0.000000   0.128121
4.152571   90.240051  0.000000   0.128121
4.155071   90.240051  0.000000   0.128121
4.157571   90.240051  0.000000   0.128121
4.160071   90.240051  0.000000   0.128121
4.162571   90.240051  0.000000   0.128121
4.165071   90.240051  0.000000   0.128121
4.167572   90.240051  0.000000   0.128121
4.170072   90.240051  0.000000   0.128121
4.172572   90.240051  0.000000   0.128121
4.175072   90.240051  0.000000   0.128121
4.177572   90.240051  0.000000   0.128121
4.180072   90.240051  0.000000   0.128121
4.182572   90.240051  0.000000   0.128121
4.185072   90.240051  0.000000   0.128121
4.187572   90.240051  0.000000   0.128121
4.190072   90.240051  0.000000   0.128121
4.192572   90.240051  0.000000   0.128121
4.195072   90.240051  0.000000   0.128121
4.197572   90.240051  0.000000   0.128121
4.200072   90.240051  0.000000   0.128121
4.202572   90.240051  0.000000   0.128121
4.205072   90.240051  0.000000   0.128121
4.207572   90.240051  0.000000   0.128121
4.210073   90.240051  0.000000   0.128121
4.212573   90.240051  0.000000   0.128121
4.215073   90.240051  0.000000   0.128121
4.217573   90.240051  0.000000   0.128121
4.220073   90.240051  0.000000   0.128121
4.222573   90.240051  0.000000   0.128121
4.225073   90.240051  0.000000   0.128121
4.227573   90.240051  0.000000   0.128121
4.230073   90.240051  0.000000   0.128121
4.232573   90.240051  0.000000   0.128121
4.235073   90.240051  0.000000   0.128121
4.237573   90.240051  0.000000   0.128121
4.240073   90.240051  0.000000   0.128121
4.242573   90.240051  0.000000   0.128121
4.245073   90.240051  0.000000   0.128121
4.247573   90.240051  0.000000   0.128121
4.250073   90.240051  0.000000   0.128121
4.252573   90.240051  0.000000   0.128121
4.255074   90.240051  0.000000   0.128121
4.257574   90.240051  0.000000   0.128121
4.260074   90.240051  0.000000   0.128121
4.262574   90.240051  0.000000   0.128121
4.265074   90.240051  0.000000   0.128121
4.267574   90.240051  0.000000   0.128121
4.270074   90.240051  0.000000   0.128121
4.272574   90.240051  0.000000   0.128121
4.275074   90.240051  0.000000   0.128121
4.277574   90.240051  0.000000   0.128121
4.280074   90.240051  0.000000   0.128121
4.282574   90.240051  0.000000   0.128121
4.285074   90.240051  0.000000   0.128121
4.287574   90.240051  0.000000   0.128121
4.290074   90.240051  0.000000   0.128121
4.292574   90.240051  0.000000   0.128121
4.295074   90.240051  0.000000   0.128121
4.297575   90.240051  0.000000   0.128121
4.300075   90.240051  0.000000   0.128121
4.302575   90.240051  0.000000   0.128121
4.305075   90.240051  0.000000   0.128121
4.307575   90.240051  0.000000   0.128121
4.310075   90.240051  0.000000   0.128121
4.312575   90.240051  0.000000   0.128121
4.315075   90.240051  0.000000   0.128121
4.317575   90.240051  0.000000   0.128121
4.320075   90.240051  0.000000   0.128121
4.322575   90.240051  0.000000   0.128121
4.325075   90.240051  0.000000   0.128121
4.327575   90.240051  0.000000   0.128121
4.330075   90.240051  0.000000   0.128121
4.332575   90.240051  0.000000   0.128121
4.335075   90.240051  0.000000   0.128121
4.337575   90.240051  0.000000   0.128121
4.340075   90.240051  0.000000   0.128121
4.342576   90.240051  0.000000   0.128121
4.345076   90.240051  0.000000   0.128121
4.347576   90.240051  0.000000   0.128121
4.350076   90.240051  0.000000   0.128121
4.352576   90.240051  0.000000   0.128121
4.355076   90.240051  0.000000   0.128121
4.357576   90.240051  0.000000   0.128121
4.360076   90.240051  0.000000   0.128121
4.362576   90.240051  0.000000   0.128121
4.365076   90.240051  0.000000   0.128121
4.367576   90.240051  0.000000   0.128121
4.370076   90.240051  0.000000   0.128121
4.372576   90.240051  0.000000   0.128121
4.375076   90.240601  0.219727   0.124909
4.377576   90.240051  -0.219727   0.129769
4.380076   90.240051  0.000000   0.128121
4.382576   90.240051  0.000000   0.128121
4.385077   90.240051  0.000000   0.128121
4.387577   90.240051  0.000000   0.128121
4.390077   90.240051  0.000000   0.128121
4.392577   90.240051  0.000000   0.128121
4.395077   90.240051  0.000000   0.128121
4.397577   90.240051  0.000000   0.128121
4.400077   90.240051  0.000000   0.128121
4.402577   90.240051  0.000000   0.128121
4.405077   90.240051  0.000000   0.128121
4.407577   90.240051  0.000000   0.128121
4.410077   90.240051  0.000000   0.128121
4.412577   90.240051  0.000000   0.128121
4.415077   90.240051  0.000000   0.128121
4.417577   90.240051  0.000000   0.128121
4.420077   90.240051  0.000000   0.128121
4.422577   90.240051  0.000000   0.128121
4.425077   90.240051  0.000000   0.128121
4.427577   90.240051  0.000000   0.128121
4.430078   90.240051  0.000000   0.128121
4.432578   90.240051  0.000000   0.128121
4.435078   90.240051  0.000000   0.128121
4.437578   90.240051  0.000000   0.128121
4.440078   90.240051  0.000000   0.128121
4.442578   90.240051  0.000000   0.128121
4.445078   90.240051  0.000000   0.128121
4.447578   90.240051  0.000000   0.128121
4.450078   90.240051  0.000000   0.128121
4.452578   90.240051  0.000000   0.128121
4.455078   90.240051  0.000000   0.128121
4.457578   90.240051  0.000000   0.128121
4.460078   90.240051  0.000000   0.128121
4.462578   90.240051  0.000000   0.128121
4.465078   90.240051  0.000000   0.128121
4.467578   90.240051  0.000000   0.128121
4.470078   90.240051  0.000000   0.128121
4.472579   90.240051  0.000000   0.128121
4.475079   90.240051  0.000000   0.128121
4.477579   90.240051  0.000000   0.128121
4.480079   90.240051  0.000000   0.128121
4.482579   90.240051  0.000000   0.128121
4.485079   90.240051  0.000000   0.128121
4.487579   90.240051  0.000000   0.128121
4.490079   90.240051  0.000000   0.128121
4.492579   90.240051  0.000000   0.128121
4.495079   90.240051  0.000000   0.128121
4.497579   90.240051  0.000000   0.128121
4.500079   90.240051  0.000000   0.128121
4.502579   90.240051  0.000000   0.128121
4.505079   90.240051  0.000000   0.128121
4.507579   90.240051  0.000000   0.128121
4.510079   90.240051  0.000000   0.128121
4.512579   90.240051  0.000000   0.128121
4.515079   90.240051  0.000000   0.128121
4.517580   90.240051  0.000000   0.128121
4.520080   90.240051  0.000000   0.128121
4.522580   90.240051  0.000000   0.128121
4.525080   90.240051  0.000000   0.128121
4.527580   90.240051  0.000000   0.128121
4.530080   90.240051  0.000000   0.128121
4.532580   90.240051  0.000000   0.128121
4.535080   90.240051  0.000000   0.128121
4.537580   90.240051  0.000000   0.128121
4.540080   90.240051  0.000000   0.128121
4.542580   90.240051  0.000000   0.128121
4.545080   90.240051  0.000000   0.128121
4.547580   90.240051  0.000000   0.128121
4.550080   90.240051  0.000000   0.128121
4.552580   90.240051  0.000000   0.128121
4.555080   90.240051  0.000000   0.128121
4.557580   90.240051  0.000000   0.128121
4.560081   90.240051  0.000000   0.128121
4.562581   90.240051  0.000000   0.128121
4.565081   90.240051  0.000000   0.128121
4.567581   90.240051  0.000000   0.128121
4.570081   90.240051  0.000000   0.128121
4.572581   90.240051  0.000000   0.128121
4.575081   90.240051  0.000000   0.128121
4.577581   90.240051  0.000000   0.128121
4.580081   90.240051  0.000000   0.128121
4.582581   90.240051  0.000000   0.128121
4.585081   90.240051  0.000000   0.128121
4.587581   90.240051  0.000000   0.128121
4.590081   90.240051  0.000000   0.128121
4.592581   90.240051  0.000000   0.128121
4.595081   90.240051  0.000000   0.128121
4.597581   90.240051  0.000000   0.128121
4.600081   90.240051  0.000000   0.128121
4.602582   90.240051  0.000000   0.128121
4.605082   90.240051  0.000000   0.128121
4.607582   90.240051  0.000000   0.128121
4.610082   90.240051  0.000000   0.128121
4.612582   90.240051  0.000000   0.128121
4.615082   90.240051  0.000000   0.128121
4.617582   90.240051  0.000000   0.128121
4.620082   90.240051  0.000000   0.128121
4.622582   90.240051  0.000000   0.128121
4.625082   90.240051  0.000000   0.128121
4.627582   90.240051  0.000000   0.128121
4.630082   90.240051  0.000000   0.128121
4.632582   90.240051  0.000000   0.128121
4.635082   90.240051  0.000000   0.128121
4.637582   90.240051  0.000000   0.128121
4.640082   90.240051  0.000000   0.128121
4.642582   90.240051  0.000000   0.128121
4.645082   90.240051  0.000000   0.128121
4.647583   90.240051  0.000000   0.128121
4.650083   90.240051  0.000000   0.128121
4.652583   90.240051  0.000000   0.128121
4.655083   90.240051  0.000000   0.128121
4.657583   90.240051  0.000000   0.128121
4.660083   90.240051  0.000000   0.128121
4.662583   90.240051  0.000000   0.128121
4.665083   90.240051  0.000000   0.128121
4.667583   90.240051  0.000000   0.128121
4.670083   90.240051  0.000000   0.128121
4.672583   90.240051  0.000000   0.128121
4.675083   90.240051  0.000000   0.128121
4.677583   90.240051  0.000000   0.128121
4.680083   90.240051  0.000000   0.128121
4.682583   90.240051  0.000000   0.128121
4.685083   90.240051  0.000000   0.128121
4.687583   90.240051  0.000000   0.128121
4.690084   90.240051  0.000000   0.128121
4.692584   90.240051  0.000000   0.128121
4.695084   90.240051  0.000000   0.128121
4.697584   90.240051  0.000000   0.128121
4.700084   90.240051  0.000000   0.128121
4.702584   90.240051  0.000000   0.128121
4.705084   90.240051  0.000000   0.128121
4.707584   90.240051  0.000000   0.128121
4.710084   90.240051  0.000000   0.128121
4.712584   90.240051  0.000000   0.128121
4.715084   90.240051  0.000000   0.128121
4.717584   90.240051  0.000000   0.128121
4.720084   90.240051  0.000000   0.128121
4.722584   90.240051  0.000000   0.128121
4.725084   90.240051  0.000000   0.128121
4.727584   90.240051  0.000000   0.128121
4.730084   90.240051  0.000000   0.128121
4.732584   90.240051  0.000000   0.128121
4.735085   90.240051  0.000000   0.128121
4.737585   90.240051  0.000000   0.128121
4.740085   90.240051  0.000000   0.128121
4.742585   90.240051  0.000000   0.128121
4.745085   90.240051  0.000000   0.128121
4.747585   90.240051  0.000000   0.128121
4.750085   90.240051  0.000000   0.128121
4.752585   90.240051  0.000000   0.128121
4.755085   90.240051  0.000000   0.128121
4.757585   90.240051  0.000000   0.128121
4.760085   90.240051  0.000000   0.128121
4.762585   90.240051  0.000000   0.128121
4.765085   90.240051  0.000000   0.128121
4.767585   90.240051  0.000000   0.128121
4.770085   90.240051  0.000000   0.128121
4.772585   90.240051  0.000000   0.128121
4.775085   90.240051  0.000000   0.128121
4.777586   90.240051  0.000000   0.128121
4.780086   90.240051  0.000000   0.128121
4.782586   90.240051  0.000000   0.128121
4.785086   90.240051  0.000000   0.128121
4.787586   90.240051  0.000000   0.128121
4.790086   90.240051  0.000000   0.128121
4.792586   90.240051  0.000000   0.128121
4.795086   90.240051  0.000000   0.128121
4.797586   90.240051  0.000000   0.128121
4.800086   90.240051  0.000000   0.128121
4.802586   90.240051  0.000000   0.128121
4.805086   90.240051  0.000000   0.128121
4.807586   90.240051  0.000000   0.128121
4.810086   90.240051  0.000000   0.128121
4.812586   90.240051  0.000000   0.128121
4.815086   90.240051  0.000000   0.128121
4.817586   90.240051  0.000000   0.128121
4.820086   90.240051  0.000000   0.128121
4.822587   90.240051  0.000000   0.128121
4.825087   90.240051  0.000000   0.128121
4.827587   90.240051  0.000000   0.128121
4.830087   90.240051  0.000000   0.128121
4.832587   90.240051  0.000000   0.128121
4.835087   90.240051  0.000000   0.128121
4.837587   90.240051  0.000000   0.128121
4.840087   90.240051  0.000000   0.128121
4.842587   90.240051  0.000000   0.128121
4.845087   90.240051  0.000000   0.128121
4.847587   90.240051  0.000000   0.128121
4.850087   90.240051  0.000000   0.128121
4.852587   90.240051  0.000000   0.128121
4.855087   90.240051  0.000000   0.128121
4.857587   90.240051  0.000000   0.128121
4.860087   90.240051  0.000000   0.128121
4.862587   90.240051  0.000000   0.128121
4.865088   90.240051  0.000000   0.128121
4.867588   90.240051  0.000000   0.128121
4.870088   90.240051  0.000000   0.128121
4.872588   90.240051  0.000000   0.128121
4.875088   90.240051  0.000000   0.128121
4.877588   90.240051  0.000000   0.128121
4.880088   90.240051  0.000000   0.128121
4.882588   90.240051  0.000000   0.128121
4.885088   90.240051  0.000000   0.128121
4.887588   90.240051  0.000000   0.128121
4.890088   90.240051  0.000000   0.128121
4.892588   90.240051  0.000000   0.128121
4.895088   90.240051  0.000000   0.128121
4.897588   90.240051  0.000000   0.128121
4.900088   90.240051  0.000000   0.128121
4.902588   90.240051  0.000000   0.128121
4.905088   90.240051  0.000000   0.128121
4.907588   90.240051  0.000000   0.128121
4.910089   90.240051  0.000000   0.128121
4.912589   90.240051  0.000000   0.128121
4.915089   90.240051  0.000000   0.128121
4.917589   90.240051  0.000000   0.128121
4.920089   90.240051  0.000000   0.128121
4.922589   90.240051  0.000000   0.128121
4.925089   90.240051  0.000000   0.128121
4.927589   90.240051  0.000000   0.128121
4.930089   90.240051  0.000000   0.128121
4.932589   90.240051  0.000000   0.128121
4.935089   90.240051  0.000000   0.128121
4.937589   90.240051  0.000000   0.128121
4.940089   90.240051  0.000000   0.128121
4.942589   90.240051  0.000000   0.128121
4.945089   90.240051  0.000000   0.128121
4.947589   90.240051  0.000000   0.128121
4.950089   90.240051  0.000000   0.128121
4.952590   90.240051  0.000000   0.128121
4.955090   90.240051  0.000000   0.128121
4.957590   90.240051  0.000000   0.128121
4.960090   90.240051  0.000000   0.128121
4.962590   90.240051  0.000000   0.128121
4.965090   90.240051  0.000000   0.128121
4.967590   90.240051  0.000000   0.128121
4.970090   90.240051  0.000000   0.128121
4.972590   90.240051  0.000000   0.128121
4.975090   90.240051  0.000000   0.128121
4.977590   90.240051  0.000000   0.128121
4.980090   90.240051  0.000000   0.128121
4.982590   90.240051  0.000000   0.128121
4.985090   90.240051  0.000000   0.128121
4.987590   90.240051  0.000000   0.128121
4.990090   90.240051  0.000000   0.128121
4.992590   90.240051  0.000000   0.128121
4.995090   90.240051  0.000000   0.128121
4.997591   90.240051  0.000000   0.128121
5.000091   90.240051  0.000000   0.128121