40 1012 1009
80 1009 1009
120 1010 1009
160 1010 1009
200 1010 1009
240 1009 1009
280 1010 1005.46
320 1010 996.287
360 1009 979.754
400 1021 954.51
440 1010 919.525
480 1010 874.065
520 1009 817.66
560 1009 750.079
600 1009 671.304
640 1010 581.508
680 1009 481.025
720 1021 370.338
760 1010 250.053
800 1009 120.88
840 1009 -16.3784
880 1010 -160.852
920 1009 -311.613
960 1010 -467.688
1000 1020 -628.079
1040 1010 -791.764
1080 1010 -957.716
1120 1010 -1124.91
1160 1010 -1292.33
1200 1010 -1458.98
1240 1010 -1623.89
1280 1022 -1786.13
1320 1010 -1944.79
1360 1010 -2099.02
1400 1010 -2248.03
1440 1010 -2391.05
1480 1010 -2527.39
1520 1009 -2656.4
1560 1021 -2777.48
1600 1010 -2890.09
1640 1010 -2993.78
1680 1010 -3088.11
1720 1010 -3172.73
1760 1010 -3247.36
1800 1006 -3311.76
1840 1010 -3365.76
1880 1010 -3409.24
1920 1010 -3442.12
1960 1010 -3464.4
2000 1009 -3476.09
2040 1010 -3477.31
2080 1020 -3468.17
2120 1010 -3448.87
2160 1009 -3419.64
2200 1010 -3380.74
2240 1010 -3332.47
2280 1009 -3275.16
2320 1010 -3209.17
2360 1020 -3134.88
2400 1010 -3052.72
2440 1009 -2963.11
2480 1010 -2866.51
2520 1010 -2763.39
2560 1010 -2654.24
2600 1010 -2539.55
2640 1020 -2419.82
2680 1010 -2295.57
2720 1010 -2167.3
2760 1010 -2035.52
2800 1010 -1900.72
2840 1010 -1763.41
2880 1010 -1624.09
2920 1006 -1483.23
2960 1010 -1341.31
3000 1010 -1198.8
3040 1010 -1056.14
3080 1010 -913.766
3120 1010 -772.108
3160 1012 -631.57
3200 1010 -492.54
3240 1010 -355.388
3280 1010 -220.466
3320 1010 -88.1068
3360 1009 41.3779
3400 1010 167.695
3440 1021 290.574
3480 1010 409.765
3520 1010 525.039
3560 1010 636.19
3600 1010 743.031
3640 1010 845.397
3680 1010 943.144
3720 1022 1036.15
3760 1010 1124.31
3800 1009 1207.55
3840 1010 1285.81
3880 1010 1359.02
3920 1010 1427.18
3960 1010 1490.27
4000 1010 1548.29
4040 1006 1601.28
4080 1009 1649.28
4120 1010 1692.35
4160 1009 1730.56
4200 1010 1763.99
4240 1010 1792.76
4280 1010 1816.98
4320 1006 1836.76
4360 1009 1852.26
4400 1010 1863.63
4440 1009 1871.02
4480 1010 1874.59
4520 1010 1874.52
4560 1010 1870.97
4600 1014 1864.14
4640 1010 1854.19
4680 1010 1841.32
4720 1009 1825.72
4760 1009 1807.56
4800 1010 1787.05
4840 1010 1764.35
4880 1006 1739.66
4920 1009 1713.17
4960 1010 1685.05
5000 1009 1655.48
5040 1010 1624.65
5080 1009 1592.72
5120 1010 1559.86
5160 1020 1526.25
5200 1010 1492.03
5240 1010 1457.38
5280 1009 1422.43
5320 1010 1387.33
5360 1010 1352.23
5400 1010 1317.27
5440 1021 1282.55
5480 1010 1248.21
5520 1010 1214.34
5560 1010 1181.06
5600 1010 1148.45
5640 1010 1116.6
5680 1009 1085.6
5720 1006 1055.53
5760 1010 1026.45
5800 1010 998.43
5840 1010 971.523
5880 1009 945.781
5920 1009 921.247
5960 1010 897.958
6000 1020 875.946
6040 1010 855.239
6080 1010 835.857
6120 1010 817.814
6160 1010 801.119
6200 1010 785.773
6240 1010 771.773
6280 1010 759.11
6320 1006 747.772
6360 1010 737.744
6400 1010 729.006
6440 1010 721.534
6480 1010 715.302
6520 1009 710.281
6560 1010 706.435
6600 1022 703.728
6640 1010 702.12
6680 1010 701.567
6720 1010 702.023
6760 1010 703.442
6800 1010 705.774
6840 1010 708.969
6880 1021 712.976
6920 1010 717.743
6960 1010 723.217
7000 1009 729.344
7040 1010 736.069
7080 1009 743.341
7120 1010 751.105
7160 1021 759.311
7200 1010 767.908
7240 1009 776.846
7280 1010 786.079
7320 1010 795.558
7360 1010 805.238
7400 1010 815.072
7440 1020 825.016
7480 1010 835.029
7520 1010 845.069
7560 1009 855.097
7600 1010 865.078
7640 1010 874.975
7680 1010 884.757
7720 1020 894.389
7760 1009 903.843
7800 1010 913.091
7840 1010 922.104
7880 1010 930.862
7920 1010 939.345
7960 1010 947.535
8000 1021 955.42
8040 1009 962.986
8080 1010 970.223
8120 1010 977.123
8160 1010 983.677
8200 1010 989.882
8240 1010 995.729
8280 1009 1001.21
8320 1021 1006.33
8360 1010 1011.08
8400 1010 1015.47
8440 1009 1019.48
8480 1009 1023.13
8520 1010 1026.42
8560 1010 1029.35
8600 1021 1031.92
8640 1010 1034.16
8680 1010 1036.06
8720 1010 1037.63
8760 1010 1038.88
8800 1009 1039.83
8840 1010 1040.49
8880 1006 1040.86
8920 1010 1040.95
8960 1010 1040.79
9000 1010 1040.39
9040 1010 1039.74
9080 1010 1038.88
9120 1010 1037.8
9160 1021 1036.53
9200 1009 1035.07
9240 1010 1033.44
9280 1010 1031.65
9320 1010 1029.71
9360 1010 1027.63
9400 1010 1025.42
9440 1021 1023.09
9480 1010 1020.66
9520 1010 1018.12
9560 1010 1015.51
9600 1011 1012.81
9640 1010 1010.05
9680 1006 1007.23
9720 1020 1004.37
9760 1010 1001.46
9800 1010 998.536
9840 1010 995.593
9880 1010 992.649
9920 1009 989.715
9960 1010 986.8
10000 1021 983.918
