40 1008 943.978
80 1015 944.204
120 1006 943.919
160 1006 943.866
200 1006 943.794
240 1006 943.723
280 1006 943.68
320 1006 943.682
360 1016 944.053
400 1006 943.845
440 1006 943.925
480 1006 943.974
520 1005 943.94
560 1006 943.908
600 1006 943.799
640 1006 943.668
680 1017 943.896
720 1006 943.493
760 1006 943.478
800 1006 943.56
840 1006 943.764
880 1006 944.095
920 1006 944.535
960 1017 945.393
1000 1006 945.581
1040 1005 945.991
1080 1006 946.348
1120 1006 946.535
1160 1006 946.586
1200 1006 946.521
1240 1006 946.376
1280 1003 946.103
1320 1005 945.988
1360 1006 945.892
1400 1006 945.825
1440 1006 945.813
1480 1006 945.843
1520 1005 945.867
1560 1016 946.277
1600 1006 946.038
1640 1006 946.077
1680 1005 946.081
1720 1005 946.134
1760 1006 946.254
1800 1006 946.381
1840 1016 946.835
1880 1006 946.634
1920 1006 946.583
1960 1006 946.437
2000 1005 946.147
2040 1006 945.887
2080 1006 945.043
2120 1003 944.408
2160 1006 944.06
2200 1006 943.792
2240 1005 943.698
2280 1005 943.835
2320 1006 944.465
2360 1006 944.573
2400 1017 945.389
2440 1005 945.453
2480 1006 945.748
2520 1005 945.902
2560 1006 945.968
2600 1006 945.94
2640 1006 946.238
2680 1017 946.266
2720 1006 946.031
2760 1006 946.129
2800 1006 946.176
2840 1006 946.108
2880 1006 945.885
2920 1006 945.832
2960 1017 945.356
3000 1006 944.502
3040 1006 944.081
3080 1006 943.768
3120 1005 943.631
3160 1005 943.764
3200 1005 944.127
3240 1016 944.915
3280 1006 945.276
3320 1006 945.831
3360 1006 946.207
3400 1006 946.396
3440 1006 946.404
3480 1005 946.222
3520 1006 946.399
3560 1003 945.847
3600 1006 945.896
3640 1006 945.952
3680 1006 946.133
3720 1005 946.342
3760 1006 946.548
3800 1006 946.929
3840 1003 946.506
3880 1005 946.46
3920 1006 946.334
3960 1006 946.134
4000 1005 945.991
4040 1006 945.94
4080 1005 945.809
4120 1003 945.879
4160 1006 946.026
4200 1006 946.031
4240 1006 945.993
4280 1006 945.876
4320 1006 945.609
4360 1005 945.539
4400 1017 945.137
4440 1006 944.458
4480 1006 944.087
4520 1005 943.833
4560 1005 943.69
4600 1005 943.671
4640 1006 944.119
4680 1017 944.302
4720 1006 944.186
4760 1006 944.338
4800 1005 944.35
4840 1006 944.296
4880 1005 944.071
4920 1005 944.145
4960 1003 943.515
5000 1006 943.5
5040 1006 943.557
5080 1005 943.722
5120 1006 944.115
5160 1005 944.525
5200 1006 945.329
5240 1006 945.423
5280 1017 946.103
5320 1005 945.965
5360 1005 946.055
5400 1006 946.088
5440 1005 945.996
5480 1006 946.045
5520 1005 945.964
5560 1003 946.079
5600 1006 946.271
5640 1006 946.336
5680 1006 946.264
5720 1005 946.053
5760 1006 945.685
5800 1006 945.04
5840 1009 944.557
5880 1006 943.882
5920 1006 943.406
5960 1006 943.159
6000 1006 943.295
6040 1005 943.661
6080 1006 944.311
6120 1017 945.547
6160 1006 945.958
6200 1006 946.47
6240 1006 946.66
6280 1006 946.497
6320 1006 946.001
6360 1006 945.697
6400 1016 944.966
6440 1005 944.038
6480 1006 943.624
6520 1006 943.448
6560 1005 943.471
6600 1006 943.766
6640 1005 944.4
6680 1003 944.374
6720 1005 944.808
6760 1005 945.096
6800 1006 945.391
6840 1005 945.476
6880 1005 945.551
6920 1006 945.564
6960 1017 946.038
7000 1005 945.723
7040 1006 945.775
7080 1006 945.889
7120 1005 945.948
7160 1006 946.161
7200 1006 946.336
7240 1005 946.796
7280 1010 946.713
7320 1006 946.659
7360 1005 946.583
7400 1006 946.331
7440 1006 945.925
7480 1006 945.308
7520 1006 944.583
7560 1003 943.935
7600 1005 943.475
7640 1006 943.224
7680 1006 943.208
7720 1006 943.546
7760 1006 944.083
7800 1005 944.804
7840 1003 945.311
7880 1006 945.953
7920 1006 946.306
7960 1006 946.413
8000 1006 946.252
8040 1005 945.939
8080 1006 945.892
8120 1003 945.07
8160 1006 944.888
8200 1006 944.763
8240 1006 944.766
8280 1005 944.811
8320 1005 944.895
8360 1006 945.253
8400 1016 945.18
8440 1006 944.781
8480 1006 944.554
8520 1006 944.254
8560 1006 944.03
8600 1006 943.823
8640 1006 943.707
8680 1018 944.214
8720 1005 943.971
8760 1006 944.191
8800 1006 944.284
8840 1005 944.305
8880 1006 944.325
8920 1006 944.531
8960 1017 944.355
9000 1005 943.898
9040 1006 943.837
9080 1006 943.801
9120 1005 943.903
9160 1006 944.152
9200 1005 944.421
9240 1006 945.012
9280 1016 945.656
9320 1006 945.765
9360 1006 946.147
9400 1006 946.376
9440 1006 946.481
9480 1006 946.48
9520 1017 946.671
9560 1006 946.307
9600 1006 946.22
9640 1005 946.099
9680 1005 946.061
9720 1005 946.087
9760 1005 946.133
9800 1006 946.198
9840 1009 946.45
9880 1006 946.351
9920 1005 946.209
9960 1006 946.039
10000 1006 945.755
