0 1016
50 1014
100 1014
150 1014
200 1014
250 1014
300 1014
350 1015
400 1014
450 1014
500 1014
550 1014
600 1014
650 1014
700 1013
750 1024
800 1014
850 1014
900 1013
950 1014
1000 1014
1050 1014
1100 1013
1150 1014
1200 1013
1250 1013
1300 1014
1350 1014
1400 1016
1450 1013
1500 1014
1550 1014
1600 1013
1650 1014
1700 1014
1750 1014
1800 1014
1850 1014
1900 1014
1950 1014
2000 1014
2050 1018
2100 1014
2150 1014
2200 1014
2250 1013
2300 1014
2350 1013
2400 1013
2450 1013
2500 1014
2550 1013
2600 1014
2650 1013
2700 1024
2750 1014
2800 1013
2850 1014
2900 1013
2950 1014
3000 1013
3050 1013
3100 1014
3150 1014
3200 1014
3250 1014
3300 1014
3350 1024
3400 1014
3450 1013
3500 1013
3550 1014
3600 1014
3650 1013
3700 1014
3750 1013
3800 1014
3850 1014
3900 1013
3950 1014
4000 1024
4050 1014
4100 1014
4150 1014
4200 1014
4250 1014
4300 1014
4350 1014
4400 1014
4450 1015
4500 1014
4550 1013
4600 1024
4650 1014
4700 1014
4750 1013
4800 1014
4850 1014
4900 1014
4950 1014
5000 1013
5050 1014
5100 1014
5150 1014
5200 1014
5250 1024
5300 1014
5350 1013
5400 1014
5450 1014
5500 1013
5550 1014
5600 1013
5650 1014
5700 1014
5750 1014
5800 1014
5850 1013
5900 1011
5950 1013
6000 1014
6050 1014
6100 1014
6150 1013
6200 1013
6250 1013
6300 1013
6350 1014
6400 1014
6450 1013
6500 1014
6550 1024
6600 1014
6650 1014
6700 1013
6750 1013
6800 1013
6850 1014
6900 1013
6950 1014
7000 1014
7050 1013
7100 1013
7150 1014
7200 1011
7250 1014
7300 1014
7350 1014
7400 1014
7450 1014
7500 1013
7550 1013
7600 1013
7650 1014
7700 1013
7750 1014
7800 1024
7850 1013
7900 1014
7950 1014
8000 1014
8050 1014
8100 1013
8150 1014
8200 1013
8250 1013
8300 1013
8350 1014
8400 1014
8450 1024
8500 1012
8550 1014
8600 1013
8650 1013
8700 1014
8750 1013
8800 1014
8850 1014
8900 1014
8950 1013
9000 1013
9050 1014
9100 1010
9150 1013
9200 1013
9250 1014
9300 1013
9350 1013
9400 1013
9450 1014
9500 1014
9550 1014
9600 1013
9650 1013
9700 1013
9750 1024
9800 1013
9850 1014
9900 1012
9950 1014
